"ID","Process ID","Process Name","Host Name","Kernel Name","Context","Stream","Block Size","Grid Size","Device","CC","FBSP.TriageSCG.dramc__read_throughput.avg.pct_of_peak_sustained_elapsed","FBSP.TriageSCG.dramc__throughput.avg.pct_of_peak_sustained_elapsed","FBSP.TriageSCG.dramc__write_throughput.avg.pct_of_peak_sustained_elapsed","FE_B.TriageAC.gr__ctas_launched_queue_sync.sum","LTS.TriageSCG.lts__average_t_sector_hit_rate_realtime.pct","LTS.TriageSCG.lts__throughput.avg.pct_of_peak_sustained_elapsed","SM_A.TriageAC.l1tex__data_pipe_lsu_wavefronts.avg","SM_A.TriageAC.l1tex__lsu_writeback_active.avg","SM_A.TriageAC.sm__cycles_active.avg","SM_A.TriageAC.sm__inst_executed_realtime.avg.per_cycle_active","SM_A.TriageSCG.l1tex__throughput.avg.pct_of_peak_sustained_elapsed","SM_A.TriageSCG.sm__inst_executed_pipe_alu_realtime.avg.pct_of_peak_sustained_elapsed","SM_B.TriageAC.l1tex__t_sector_hit_rate.pct","SM_C.TriageSCG.smsp__inst_executed_pipe_fmaheavy.avg.pct_of_peak_sustained_elapsed","SM_C.TriageSCG.smsp__inst_executed_pipe_fmalite.avg.pct_of_peak_sustained_elapsed","TriageAC.tpc__warps_active_realtime.avg.per_cycle_active","TriageAC.tpc__warps_active_realtime.sum.per_cycle_active","c2clink__enabled_mask","c2clink__present","derived__avg_thread_executed","derived__avg_thread_executed_true","derived__avg_thread_unexecuted_true","derived__derivative_avg_thread_executed_true","derived__l1tex__lsu_writeback_bytes_mem_lg.sum.peak_sustained","derived__l1tex__lsu_writeback_bytes_mem_lg.sum.per_second","derived__local_spilling_requests","derived__local_spilling_requests_pct","derived__lts__lts2xbar_bytes.sum.peak_sustained","derived__lts__lts2xbar_bytes.sum.per_second","derived__memory_l1_conflicts_shared_nway","derived__memory_l1_wavefronts_shared_excessive","derived__memory_l2_theoretical_sectors_global_excessive","derived__pct_occupancy_per_block_size","derived__pct_occupancy_per_register_count","derived__pct_occupancy_per_shared_mem_size","derived__sm__sass_thread_inst_executed_op_dfma_pred_on_x2","derived__sm__sass_thread_inst_executed_op_ffma_pred_on_x2","derived__sm__sass_thread_inst_executed_op_hfma_pred_on_x4","derived__smsp__inst_executed_op_branch_pct","derived__smsp__sass_thread_inst_executed_op_dfma_pred_on_x2","derived__smsp__sass_thread_inst_executed_op_ffma_pred_on_x2","derived__smsp__sass_thread_inst_executed_op_hadd_pred_on_x2","derived__smsp__sass_thread_inst_executed_op_hfma_pred_on_x4","derived__smsp__sass_thread_inst_executed_op_hmul_pred_on_x2","derived_tempMetric0","derived_tempMetric1","derived_tempMetric2","derived_tempMetric3","derived_tempMetric4","derived_tempMetric5","device__attribute_architecture","device__attribute_async_engine_count","device__attribute_can_flush_remote_writes","device__attribute_can_map_host_memory","device__attribute_can_tex2d_gather","device__attribute_can_use_64_bit_stream_mem_ops","device__attribute_can_use_64_bit_stream_mem_ops_v1","device__attribute_can_use_host_pointer_for_registered_mem","device__attribute_can_use_stream_mem_ops_v1","device__attribute_can_use_stream_wait_value_nor","device__attribute_can_use_stream_wait_value_nor_v1","device__attribute_chip","device__attribute_clock_rate","device__attribute_cluster_launch","device__attribute_compute_capability_major","device__attribute_compute_capability_minor","device__attribute_compute_mode","device__attribute_compute_preemption_supported","device__attribute_concurrent_kernels","device__attribute_concurrent_managed_access","device__attribute_confidential_computing_mode","device__attribute_cooperative_launch","device__attribute_cooperative_multi_device_launch","device__attribute_deferred_mapping_cuda_array_supported","device__attribute_device_index","device__attribute_direct_managed_mem_access_from_host","device__attribute_display_name","device__attribute_dma_buf_supported","device__attribute_ecc_enabled","device__attribute_fb_bus_width","device__attribute_fbp_count","device__attribute_generic_compression_supported","device__attribute_global_l1_cache_supported","device__attribute_global_memory_bus_width","device__attribute_gpu_direct_rdma_flush_writes_options","device__attribute_gpu_direct_rdma_supported","device__attribute_gpu_direct_rdma_with_cuda_vmm_supported","device__attribute_gpu_direct_rdma_writes_ordering","device__attribute_gpu_overlap","device__attribute_gpu_pci_device_id","device__attribute_gpu_pci_ext_device_id","device__attribute_gpu_pci_ext_downstream_link_rate","device__attribute_gpu_pci_ext_downstream_link_width","device__attribute_gpu_pci_ext_gen","device__attribute_gpu_pci_ext_gpu_gen","device__attribute_gpu_pci_ext_gpu_link_rate","device__attribute_gpu_pci_ext_gpu_link_width","device__attribute_gpu_pci_revision_id","device__attribute_gpu_pci_sub_system_id","device__attribute_handle_type_fabric_supported","device__attribute_handle_type_posix_file_descriptor_supported","device__attribute_handle_type_win32_handle_supported","device__attribute_handle_type_win32_kmt_handle_supported","device__attribute_host_native_atomic_supported","device__attribute_host_numa_id","device__attribute_host_register_supported","device__attribute_implementation","device__attribute_integrated","device__attribute_ipc_event_supported","device__attribute_kernel_exec_timeout","device__attribute_l2_cache_size","device__attribute_l2s_count","device__attribute_limits_max_cta_per_sm","device__attribute_limits_num_tpcs","device__attribute_local_l1_cache_supported","device__attribute_managed_memory","device__attribute_max_access_policy_window_size","device__attribute_max_block_dim_x","device__attribute_max_block_dim_y","device__attribute_max_block_dim_z","device__attribute_max_blocks_per_multiprocessor","device__attribute_max_gpu_frequency_khz","device__attribute_max_grid_dim_x","device__attribute_max_grid_dim_y","device__attribute_max_grid_dim_z","device__attribute_max_ipc_per_multiprocessor","device__attribute_max_ipc_per_scheduler","device__attribute_max_mem_frequency_khz","device__attribute_max_persisting_l2_cache_size","device__attribute_max_pitch","device__attribute_max_registers_per_block","device__attribute_max_registers_per_multiprocessor","device__attribute_max_registers_per_thread","device__attribute_max_shared_memory_per_block","device__attribute_max_shared_memory_per_block_optin","device__attribute_max_shared_memory_per_multiprocessor","device__attribute_max_threads_per_block","device__attribute_max_threads_per_multiprocessor","device__attribute_max_warps_per_multiprocessor","device__attribute_max_warps_per_scheduler","device__attribute_maximum_surface1d_layered_layers","device__attribute_maximum_surface1d_layered_width","device__attribute_maximum_surface1d_width","device__attribute_maximum_surface2d_height","device__attribute_maximum_surface2d_layered_height","device__attribute_maximum_surface2d_layered_layers","device__attribute_maximum_surface2d_layered_width","device__attribute_maximum_surface2d_width","device__attribute_maximum_surface3d_depth","device__attribute_maximum_surface3d_height","device__attribute_maximum_surface3d_width","device__attribute_maximum_surfacecubemap_layered_layers","device__attribute_maximum_surfacecubemap_layered_width","device__attribute_maximum_surfacecubemap_width","device__attribute_maximum_texture1d_layered_layers","device__attribute_maximum_texture1d_layered_width","device__attribute_maximum_texture1d_linear_width","device__attribute_maximum_texture1d_mipmapped_width","device__attribute_maximum_texture1d_width","device__attribute_maximum_texture2d_gather_height","device__attribute_maximum_texture2d_gather_width","device__attribute_maximum_texture2d_height","device__attribute_maximum_texture2d_layered_height","device__attribute_maximum_texture2d_layered_layers","device__attribute_maximum_texture2d_layered_width","device__attribute_maximum_texture2d_linear_height","device__attribute_maximum_texture2d_linear_pitch","device__attribute_maximum_texture2d_linear_width","device__attribute_maximum_texture2d_mipmapped_height","device__attribute_maximum_texture2d_mipmapped_width","device__attribute_maximum_texture2d_width","device__attribute_maximum_texture3d_depth","device__attribute_maximum_texture3d_depth_alternate","device__attribute_maximum_texture3d_height","device__attribute_maximum_texture3d_height_alternate","device__attribute_maximum_texture3d_width","device__attribute_maximum_texture3d_width_alternate","device__attribute_maximum_texturecubemap_layered_layers","device__attribute_maximum_texturecubemap_layered_width","device__attribute_maximum_texturecubemap_width","device__attribute_mem_sync_domain_count","device__attribute_memory_clock_rate","device__attribute_memory_pools_supported","device__attribute_mempool_supported_handle_types","device__attribute_mps_enabled","device__attribute_multi_gpu_board","device__attribute_multi_gpu_board_group_id","device__attribute_multicast_supported","device__attribute_multiprocessor_count","device__attribute_num_l2s_per_fbp","device__attribute_num_schedulers_per_multiprocessor","device__attribute_num_tex_per_multiprocessor","device__attribute_numa_config","device__attribute_pageable_memory_access","device__attribute_pageable_memory_access_uses_host_page_tables","device__attribute_pci_bus_id","device__attribute_pci_device_id","device__attribute_pci_domain_id","device__attribute_ram_location","device__attribute_ram_type","device__attribute_reserved_shared_memory_per_block","device__attribute_sass_level","device__attribute_single_to_double_precision_perf_ratio","device__attribute_sparse_cuda_array_supported","device__attribute_stream_priorities_supported","device__attribute_surface_alignment","device__attribute_tcc_driver","device__attribute_tensor_map_access_supported","device__attribute_texture_alignment","device__attribute_texture_pitch_alignment","device__attribute_total_constant_memory","device__attribute_total_memory","device__attribute_unified_addressing","device__attribute_unified_function_pointers","device__attribute_virtual_address_management_supported","device__attribute_warp_size","dram__bytes.avg.peak_sustained","dram__bytes.avg.per_second","dram__bytes.max.peak_sustained","dram__bytes.max.per_second","dram__bytes.min.peak_sustained","dram__bytes.min.per_second","dram__bytes.sum.peak_sustained","dram__bytes.sum.per_second","dram__bytes_read.sum","dram__bytes_read.sum.pct_of_peak_sustained_elapsed","dram__bytes_read.sum.per_second","dram__bytes_write.sum","dram__bytes_write.sum.pct_of_peak_sustained_elapsed","dram__bytes_write.sum.per_second","dram__cycles_active.avg","dram__cycles_active.avg.pct_of_peak_sustained_elapsed","dram__cycles_active.max","dram__cycles_active.max.pct_of_peak_sustained_elapsed","dram__cycles_active.min","dram__cycles_active.min.pct_of_peak_sustained_elapsed","dram__cycles_active.sum","dram__cycles_active.sum.pct_of_peak_sustained_elapsed","dram__cycles_elapsed.avg","dram__cycles_elapsed.avg.per_second","dram__cycles_elapsed.max","dram__cycles_elapsed.max.per_second","dram__cycles_elapsed.min","dram__cycles_elapsed.min.per_second","dram__cycles_elapsed.sum","dram__cycles_elapsed.sum.per_second","dram__sectors_read.sum","dram__sectors_write.sum","fbpa__dram_sectors.avg.pct_of_peak_sustained_elapsed","fbpa__dram_sectors.max.pct_of_peak_sustained_elapsed","fbpa__dram_sectors.min.pct_of_peak_sustained_elapsed","fbpa__dram_sectors.sum.pct_of_peak_sustained_elapsed","gcc__average_cache_request_hit_rate.pct","gcc__cache_requests_type_constant.sum","gcc__cache_requests_type_constant.sum.pct_of_peak_sustained_elapsed","gcc__cache_requests_type_instruction.sum","gcc__cache_requests_type_instruction.sum.pct_of_peak_sustained_elapsed","gcc__xbar2gcc_sectors.sum","gcc__xbar2gcc_sectors.sum.pct_of_peak_sustained_elapsed","gpc__cycles_elapsed.avg","gpc__cycles_elapsed.avg.per_second","gpc__cycles_elapsed.max","gpc__cycles_elapsed.max.per_second","gpc__cycles_elapsed.min","gpc__cycles_elapsed.min.per_second","gpc__cycles_elapsed.sum","gpc__cycles_elapsed.sum.per_second","gpu__compute_memory_access_throughput.avg.pct_of_peak_sustained_elapsed","gpu__compute_memory_access_throughput.max.pct_of_peak_sustained_elapsed","gpu__compute_memory_access_throughput.min.pct_of_peak_sustained_elapsed","gpu__compute_memory_access_throughput.sum.pct_of_peak_sustained_elapsed","gpu__compute_memory_access_throughput_internal_activity.avg.pct_of_peak_sustained_elapsed","gpu__compute_memory_access_throughput_internal_activity.max.pct_of_peak_sustained_elapsed","gpu__compute_memory_access_throughput_internal_activity.min.pct_of_peak_sustained_elapsed","gpu__compute_memory_access_throughput_internal_activity.sum.pct_of_peak_sustained_elapsed","gpu__compute_memory_request_throughput.avg.pct_of_peak_sustained_elapsed","gpu__compute_memory_request_throughput.max.pct_of_peak_sustained_elapsed","gpu__compute_memory_request_throughput.min.pct_of_peak_sustained_elapsed","gpu__compute_memory_request_throughput.sum.pct_of_peak_sustained_elapsed","gpu__compute_memory_request_throughput_internal_activity.avg.pct_of_peak_sustained_elapsed","gpu__compute_memory_request_throughput_internal_activity.max.pct_of_peak_sustained_elapsed","gpu__compute_memory_request_throughput_internal_activity.min.pct_of_peak_sustained_elapsed","gpu__compute_memory_request_throughput_internal_activity.sum.pct_of_peak_sustained_elapsed","gpu__compute_memory_throughput.avg.pct_of_peak_sustained_elapsed","gpu__compute_memory_throughput.max.pct_of_peak_sustained_elapsed","gpu__compute_memory_throughput.min.pct_of_peak_sustained_elapsed","gpu__compute_memory_throughput.sum.pct_of_peak_sustained_elapsed","gpu__dram_throughput.avg.pct_of_peak_sustained_elapsed","gpu__dram_throughput.max.pct_of_peak_sustained_elapsed","gpu__dram_throughput.min.pct_of_peak_sustained_elapsed","gpu__dram_throughput.sum.pct_of_peak_sustained_elapsed","gpu__time_duration.avg","gpu__time_duration.max","gpu__time_duration.min","gpu__time_duration.sum","idc__request_cycles_active.avg.pct_of_peak_sustained_elapsed","idc__request_cycles_active.max.pct_of_peak_sustained_elapsed","idc__request_cycles_active.min.pct_of_peak_sustained_elapsed","idc__request_cycles_active.sum.pct_of_peak_sustained_elapsed","idc__request_hit_rate.pct","idc__requests.sum","idc__requests.sum.pct_of_peak_sustained_elapsed","inst_executed","l1tex__cycles_active.avg","l1tex__cycles_active.max","l1tex__cycles_active.min","l1tex__cycles_active.sum","l1tex__cycles_elapsed.avg","l1tex__cycles_elapsed.avg.per_second","l1tex__cycles_elapsed.max","l1tex__cycles_elapsed.max.per_second","l1tex__cycles_elapsed.min","l1tex__cycles_elapsed.min.per_second","l1tex__cycles_elapsed.sum","l1tex__cycles_elapsed.sum.per_second","l1tex__data_bank_conflicts_pipe_lsu_mem_shared.sum","l1tex__data_bank_conflicts_pipe_lsu_mem_shared_op_atom.sum","l1tex__data_bank_conflicts_pipe_lsu_mem_shared_op_ld.sum","l1tex__data_bank_conflicts_pipe_lsu_mem_shared_op_st.sum","l1tex__data_bank_reads.avg.pct_of_peak_sustained_elapsed","l1tex__data_bank_reads.max.pct_of_peak_sustained_elapsed","l1tex__data_bank_reads.min.pct_of_peak_sustained_elapsed","l1tex__data_bank_reads.sum.pct_of_peak_sustained_elapsed","l1tex__data_bank_writes.avg.pct_of_peak_sustained_elapsed","l1tex__data_bank_writes.max.pct_of_peak_sustained_elapsed","l1tex__data_bank_writes.min.pct_of_peak_sustained_elapsed","l1tex__data_bank_writes.sum.pct_of_peak_sustained_elapsed","l1tex__data_pipe_lsu_wavefronts.avg.pct_of_peak_sustained_elapsed","l1tex__data_pipe_lsu_wavefronts.max.pct_of_peak_sustained_elapsed","l1tex__data_pipe_lsu_wavefronts.min.pct_of_peak_sustained_elapsed","l1tex__data_pipe_lsu_wavefronts.sum.pct_of_peak_sustained_elapsed","l1tex__data_pipe_lsu_wavefronts_mem_shared.sum","l1tex__data_pipe_lsu_wavefronts_mem_shared.sum.pct_of_peak_sustained_elapsed","l1tex__data_pipe_lsu_wavefronts_mem_shared_op_atom.sum","l1tex__data_pipe_lsu_wavefronts_mem_shared_op_atom.sum.pct_of_peak_sustained_elapsed","l1tex__data_pipe_lsu_wavefronts_mem_shared_op_ld.sum","l1tex__data_pipe_lsu_wavefronts_mem_shared_op_ld.sum.pct_of_peak_sustained_elapsed","l1tex__data_pipe_lsu_wavefronts_mem_shared_op_st.sum","l1tex__data_pipe_lsu_wavefronts_mem_shared_op_st.sum.pct_of_peak_sustained_elapsed","l1tex__data_pipe_tex_wavefronts.avg.pct_of_peak_sustained_elapsed","l1tex__data_pipe_tex_wavefronts.max.pct_of_peak_sustained_elapsed","l1tex__data_pipe_tex_wavefronts.min.pct_of_peak_sustained_elapsed","l1tex__data_pipe_tex_wavefronts.sum.pct_of_peak_sustained_elapsed","l1tex__f_wavefronts.avg.pct_of_peak_sustained_elapsed","l1tex__f_wavefronts.max.pct_of_peak_sustained_elapsed","l1tex__f_wavefronts.min.pct_of_peak_sustained_elapsed","l1tex__f_wavefronts.sum.pct_of_peak_sustained_elapsed","l1tex__lsu_writeback_active.avg.pct_of_peak_sustained_elapsed","l1tex__lsu_writeback_active.max.pct_of_peak_sustained_elapsed","l1tex__lsu_writeback_active.min.pct_of_peak_sustained_elapsed","l1tex__lsu_writeback_active.sum.pct_of_peak_sustained_elapsed","l1tex__lsu_writeback_active_mem_lg.avg.peak_sustained","l1tex__lsu_writeback_active_mem_lg.avg.per_second","l1tex__lsu_writeback_active_mem_lg.max.peak_sustained","l1tex__lsu_writeback_active_mem_lg.max.per_second","l1tex__lsu_writeback_active_mem_lg.min.peak_sustained","l1tex__lsu_writeback_active_mem_lg.min.per_second","l1tex__lsu_writeback_active_mem_lg.sum","l1tex__lsu_writeback_active_mem_lg.sum.pct_of_peak_sustained_elapsed","l1tex__lsu_writeback_active_mem_lg.sum.peak_sustained","l1tex__lsu_writeback_active_mem_lg.sum.per_second","l1tex__lsuin_requests.avg.pct_of_peak_sustained_elapsed","l1tex__lsuin_requests.max.pct_of_peak_sustained_elapsed","l1tex__lsuin_requests.min.pct_of_peak_sustained_elapsed","l1tex__lsuin_requests.sum.pct_of_peak_sustained_elapsed","l1tex__m_l1tex2xbar_req_cycles_active.avg.pct_of_peak_sustained_elapsed","l1tex__m_l1tex2xbar_req_cycles_active.max.pct_of_peak_sustained_elapsed","l1tex__m_l1tex2xbar_req_cycles_active.min.pct_of_peak_sustained_elapsed","l1tex__m_l1tex2xbar_req_cycles_active.sum.pct_of_peak_sustained_elapsed","l1tex__m_l1tex2xbar_write_bytes.sum","l1tex__m_l1tex2xbar_write_bytes.sum.pct_of_peak_sustained_elapsed","l1tex__m_l1tex2xbar_write_bytes.sum.per_second","l1tex__m_l1tex2xbar_write_sectors_mem_global_op_atom.sum","l1tex__m_l1tex2xbar_write_sectors_mem_global_op_atom.sum.pct_of_peak_sustained_elapsed","l1tex__m_l1tex2xbar_write_sectors_mem_global_op_red.sum","l1tex__m_l1tex2xbar_write_sectors_mem_global_op_red.sum.pct_of_peak_sustained_elapsed","l1tex__m_l1tex2xbar_write_sectors_mem_lg_op_st.sum","l1tex__m_l1tex2xbar_write_sectors_mem_lg_op_st.sum.pct_of_peak_sustained_elapsed","l1tex__m_l1tex2xbar_write_sectors_mem_surface_op_atom.sum","l1tex__m_l1tex2xbar_write_sectors_mem_surface_op_atom.sum.pct_of_peak_sustained_elapsed","l1tex__m_l1tex2xbar_write_sectors_mem_surface_op_red.sum","l1tex__m_l1tex2xbar_write_sectors_mem_surface_op_red.sum.pct_of_peak_sustained_elapsed","l1tex__m_l1tex2xbar_write_sectors_mem_surface_op_st.sum","l1tex__m_l1tex2xbar_write_sectors_mem_surface_op_st.sum.pct_of_peak_sustained_elapsed","l1tex__m_xbar2l1tex_read_bytes.sum","l1tex__m_xbar2l1tex_read_bytes.sum.pct_of_peak_sustained_elapsed","l1tex__m_xbar2l1tex_read_bytes.sum.per_second","l1tex__m_xbar2l1tex_read_sectors.avg.pct_of_peak_sustained_elapsed","l1tex__m_xbar2l1tex_read_sectors.max.pct_of_peak_sustained_elapsed","l1tex__m_xbar2l1tex_read_sectors.min.pct_of_peak_sustained_elapsed","l1tex__m_xbar2l1tex_read_sectors.sum.pct_of_peak_sustained_elapsed","l1tex__m_xbar2l1tex_read_sectors_mem_global_op_atom.sum","l1tex__m_xbar2l1tex_read_sectors_mem_global_op_atom.sum.pct_of_peak_sustained_elapsed","l1tex__m_xbar2l1tex_read_sectors_mem_lg_op_ld.sum","l1tex__m_xbar2l1tex_read_sectors_mem_lg_op_ld.sum.pct_of_peak_sustained_elapsed","l1tex__m_xbar2l1tex_read_sectors_mem_surface_op_atom.sum","l1tex__m_xbar2l1tex_read_sectors_mem_surface_op_atom.sum.pct_of_peak_sustained_elapsed","l1tex__m_xbar2l1tex_read_sectors_mem_surface_op_ld.sum","l1tex__m_xbar2l1tex_read_sectors_mem_surface_op_ld.sum.pct_of_peak_sustained_elapsed","l1tex__m_xbar2l1tex_read_sectors_mem_texture.sum","l1tex__m_xbar2l1tex_read_sectors_mem_texture.sum.pct_of_peak_sustained_elapsed","l1tex__t_output_wavefronts_pipe_lsu_mem_global_op_atom.sum","l1tex__t_output_wavefronts_pipe_lsu_mem_global_op_atom.sum.pct_of_peak_sustained_elapsed","l1tex__t_output_wavefronts_pipe_lsu_mem_global_op_ld.sum","l1tex__t_output_wavefronts_pipe_lsu_mem_global_op_ld.sum.pct_of_peak_sustained_elapsed","l1tex__t_output_wavefronts_pipe_lsu_mem_global_op_red.sum","l1tex__t_output_wavefronts_pipe_lsu_mem_global_op_red.sum.pct_of_peak_sustained_elapsed","l1tex__t_output_wavefronts_pipe_lsu_mem_global_op_st.sum","l1tex__t_output_wavefronts_pipe_lsu_mem_global_op_st.sum.pct_of_peak_sustained_elapsed","l1tex__t_output_wavefronts_pipe_lsu_mem_local_op_ld.sum","l1tex__t_output_wavefronts_pipe_lsu_mem_local_op_ld.sum.pct_of_peak_sustained_elapsed","l1tex__t_output_wavefronts_pipe_lsu_mem_local_op_st.sum","l1tex__t_output_wavefronts_pipe_lsu_mem_local_op_st.sum.pct_of_peak_sustained_elapsed","l1tex__t_output_wavefronts_pipe_tex_mem_surface_op_atom.sum","l1tex__t_output_wavefronts_pipe_tex_mem_surface_op_atom.sum.pct_of_peak_sustained_elapsed","l1tex__t_output_wavefronts_pipe_tex_mem_surface_op_ld.sum","l1tex__t_output_wavefronts_pipe_tex_mem_surface_op_ld.sum.pct_of_peak_sustained_elapsed","l1tex__t_output_wavefronts_pipe_tex_mem_surface_op_red.sum","l1tex__t_output_wavefronts_pipe_tex_mem_surface_op_red.sum.pct_of_peak_sustained_elapsed","l1tex__t_output_wavefronts_pipe_tex_mem_surface_op_st.sum","l1tex__t_output_wavefronts_pipe_tex_mem_surface_op_st.sum.pct_of_peak_sustained_elapsed","l1tex__t_output_wavefronts_pipe_tex_mem_texture.sum","l1tex__t_output_wavefronts_pipe_tex_mem_texture.sum.pct_of_peak_sustained_elapsed","l1tex__t_requests_pipe_lsu_mem_global_op_atom.sum","l1tex__t_requests_pipe_lsu_mem_global_op_atom.sum.pct_of_peak_sustained_elapsed","l1tex__t_requests_pipe_lsu_mem_global_op_ld.sum","l1tex__t_requests_pipe_lsu_mem_global_op_ld.sum.pct_of_peak_sustained_elapsed","l1tex__t_requests_pipe_lsu_mem_global_op_red.sum","l1tex__t_requests_pipe_lsu_mem_global_op_red.sum.pct_of_peak_sustained_elapsed","l1tex__t_requests_pipe_lsu_mem_global_op_st.sum","l1tex__t_requests_pipe_lsu_mem_global_op_st.sum.pct_of_peak_sustained_elapsed","l1tex__t_requests_pipe_lsu_mem_local_op_ld.sum","l1tex__t_requests_pipe_lsu_mem_local_op_ld.sum.pct_of_peak_sustained_elapsed","l1tex__t_requests_pipe_lsu_mem_local_op_st.sum","l1tex__t_requests_pipe_lsu_mem_local_op_st.sum.pct_of_peak_sustained_elapsed","l1tex__t_requests_pipe_tex_mem_surface_op_atom.sum","l1tex__t_requests_pipe_tex_mem_surface_op_atom.sum.pct_of_peak_sustained_elapsed","l1tex__t_requests_pipe_tex_mem_surface_op_ld.sum","l1tex__t_requests_pipe_tex_mem_surface_op_ld.sum.pct_of_peak_sustained_elapsed","l1tex__t_requests_pipe_tex_mem_surface_op_red.sum","l1tex__t_requests_pipe_tex_mem_surface_op_red.sum.pct_of_peak_sustained_elapsed","l1tex__t_requests_pipe_tex_mem_surface_op_st.sum","l1tex__t_requests_pipe_tex_mem_surface_op_st.sum.pct_of_peak_sustained_elapsed","l1tex__t_requests_pipe_tex_mem_texture.sum","l1tex__t_requests_pipe_tex_mem_texture.sum.pct_of_peak_sustained_elapsed","l1tex__t_sector_hit_rate.pct","l1tex__t_sector_pipe_lsu_mem_global_op_atom_hit_rate.pct","l1tex__t_sector_pipe_lsu_mem_global_op_ld_hit_rate.pct","l1tex__t_sector_pipe_lsu_mem_global_op_red_hit_rate.pct","l1tex__t_sector_pipe_lsu_mem_global_op_st_hit_rate.pct","l1tex__t_sector_pipe_lsu_mem_local_op_ld_hit_rate.pct","l1tex__t_sector_pipe_lsu_mem_local_op_st_hit_rate.pct","l1tex__t_sector_pipe_tex_mem_surface_op_atom_hit_rate.pct","l1tex__t_sector_pipe_tex_mem_surface_op_ld_hit_rate.pct","l1tex__t_sector_pipe_tex_mem_surface_op_red_hit_rate.pct","l1tex__t_sector_pipe_tex_mem_surface_op_st_hit_rate.pct","l1tex__t_sector_pipe_tex_mem_texture_op_tex_hit_rate.pct","l1tex__t_sectors_pipe_lsu_mem_global_op_atom.sum","l1tex__t_sectors_pipe_lsu_mem_global_op_atom_lookup_hit.sum","l1tex__t_sectors_pipe_lsu_mem_global_op_atom_lookup_miss.sum","l1tex__t_sectors_pipe_lsu_mem_global_op_ld.sum","l1tex__t_sectors_pipe_lsu_mem_global_op_ld_lookup_hit.sum","l1tex__t_sectors_pipe_lsu_mem_global_op_ld_lookup_miss.sum","l1tex__t_sectors_pipe_lsu_mem_global_op_red.sum","l1tex__t_sectors_pipe_lsu_mem_global_op_red_lookup_hit.sum","l1tex__t_sectors_pipe_lsu_mem_global_op_red_lookup_miss.sum","l1tex__t_sectors_pipe_lsu_mem_global_op_st.sum","l1tex__t_sectors_pipe_lsu_mem_global_op_st_lookup_hit.sum","l1tex__t_sectors_pipe_lsu_mem_global_op_st_lookup_miss.sum","l1tex__t_sectors_pipe_lsu_mem_local_op_ld.sum","l1tex__t_sectors_pipe_lsu_mem_local_op_ld_lookup_hit.sum","l1tex__t_sectors_pipe_lsu_mem_local_op_ld_lookup_miss.sum","l1tex__t_sectors_pipe_lsu_mem_local_op_st.sum","l1tex__t_sectors_pipe_lsu_mem_local_op_st_lookup_hit.sum","l1tex__t_sectors_pipe_lsu_mem_local_op_st_lookup_miss.sum","l1tex__t_sectors_pipe_tex_mem_surface_op_atom.sum","l1tex__t_sectors_pipe_tex_mem_surface_op_atom_lookup_hit.sum","l1tex__t_sectors_pipe_tex_mem_surface_op_atom_lookup_miss.sum","l1tex__t_sectors_pipe_tex_mem_surface_op_ld.sum","l1tex__t_sectors_pipe_tex_mem_surface_op_ld_lookup_hit.sum","l1tex__t_sectors_pipe_tex_mem_surface_op_ld_lookup_miss.sum","l1tex__t_sectors_pipe_tex_mem_surface_op_red.sum","l1tex__t_sectors_pipe_tex_mem_surface_op_red_lookup_hit.sum","l1tex__t_sectors_pipe_tex_mem_surface_op_red_lookup_miss.sum","l1tex__t_sectors_pipe_tex_mem_surface_op_st.sum","l1tex__t_sectors_pipe_tex_mem_surface_op_st_lookup_hit.sum","l1tex__t_sectors_pipe_tex_mem_surface_op_st_lookup_miss.sum","l1tex__t_sectors_pipe_tex_mem_texture.sum","l1tex__t_sectors_pipe_tex_mem_texture_lookup_hit.sum","l1tex__t_sectors_pipe_tex_mem_texture_lookup_miss.sum","l1tex__tex_writeback_active.avg.pct_of_peak_sustained_elapsed","l1tex__tex_writeback_active.max.pct_of_peak_sustained_elapsed","l1tex__tex_writeback_active.min.pct_of_peak_sustained_elapsed","l1tex__tex_writeback_active.sum","l1tex__tex_writeback_active.sum.pct_of_peak_sustained_elapsed","l1tex__texin_sm2tex_req_cycles_active.avg.pct_of_peak_sustained_elapsed","l1tex__texin_sm2tex_req_cycles_active.max.pct_of_peak_sustained_elapsed","l1tex__texin_sm2tex_req_cycles_active.min.pct_of_peak_sustained_elapsed","l1tex__texin_sm2tex_req_cycles_active.sum.pct_of_peak_sustained_elapsed","l1tex__throughput.avg.pct_of_peak_sustained_active","l1tex__throughput.avg.pct_of_peak_sustained_elapsed","l1tex__throughput.max.pct_of_peak_sustained_active","l1tex__throughput.max.pct_of_peak_sustained_elapsed","l1tex__throughput.min.pct_of_peak_sustained_active","l1tex__throughput.min.pct_of_peak_sustained_elapsed","l1tex__throughput.sum.pct_of_peak_sustained_active","l1tex__throughput.sum.pct_of_peak_sustained_elapsed","launch__barrier_count","launch__block_dim_x","launch__block_dim_y","launch__block_dim_z","launch__block_size","launch__context_id","launch__device_id","launch__func_cache_config","launch__function_pcs","launch__grid_dim_x","launch__grid_dim_y","launch__grid_dim_z","launch__grid_size","launch__kernel_name","launch__occupancy_limit_blocks","launch__occupancy_limit_registers","launch__occupancy_limit_shared_mem","launch__occupancy_limit_warps","launch__occupancy_per_block_size","launch__occupancy_per_register_count","launch__occupancy_per_shared_mem_size","launch__persisting_l2_cache_size","launch__registers_per_thread","launch__registers_per_thread_allocated","launch__shared_mem_config_size","launch__shared_mem_per_block","launch__shared_mem_per_block_allocated","launch__shared_mem_per_block_driver","launch__shared_mem_per_block_dynamic","launch__shared_mem_per_block_static","launch__sm_count","launch__stack_size","launch__stream_id","launch__thread_count","launch__tpc_count","launch__tpc_enabled","launch__uses_cdp","launch__uses_green_context","launch__uses_mps","launch__uses_nvlink_centric_scheduling","launch__uses_vgpu","launch__waves_per_multiprocessor","lts__average_gcomp_input_sector_success_rate.pct","lts__average_gcomp_output_sector_compression_achieved_rate.ratio","lts__cycles_active.avg","lts__cycles_active.max","lts__cycles_active.min","lts__cycles_active.sum","lts__cycles_elapsed.avg","lts__cycles_elapsed.avg.per_second","lts__cycles_elapsed.max","lts__cycles_elapsed.max.per_second","lts__cycles_elapsed.min","lts__cycles_elapsed.min.per_second","lts__cycles_elapsed.sum","lts__cycles_elapsed.sum.per_second","lts__d_atomic_input_cycles_active.avg.pct_of_peak_sustained_elapsed","lts__d_atomic_input_cycles_active.max.pct_of_peak_sustained_elapsed","lts__d_atomic_input_cycles_active.min.pct_of_peak_sustained_elapsed","lts__d_atomic_input_cycles_active.sum.pct_of_peak_sustained_elapsed","lts__d_sectors.avg.pct_of_peak_sustained_elapsed","lts__d_sectors.max.pct_of_peak_sustained_elapsed","lts__d_sectors.min.pct_of_peak_sustained_elapsed","lts__d_sectors.sum.pct_of_peak_sustained_elapsed","lts__d_sectors_fill_device.avg.pct_of_peak_sustained_elapsed","lts__d_sectors_fill_device.max.pct_of_peak_sustained_elapsed","lts__d_sectors_fill_device.min.pct_of_peak_sustained_elapsed","lts__d_sectors_fill_device.sum.pct_of_peak_sustained_elapsed","lts__d_sectors_fill_sysmem.avg.pct_of_peak_sustained_elapsed","lts__d_sectors_fill_sysmem.max.pct_of_peak_sustained_elapsed","lts__d_sectors_fill_sysmem.min.pct_of_peak_sustained_elapsed","lts__d_sectors_fill_sysmem.sum.pct_of_peak_sustained_elapsed","lts__gcomp_input_sectors.avg","lts__gcomp_input_sectors.max","lts__gcomp_input_sectors.min","lts__gcomp_input_sectors.sum","lts__gcomp_input_sectors.sum.pct_of_peak_sustained_elapsed","lts__gcomp_input_sectors.sum.per_second","lts__gcomp_output_sectors.sum","lts__gcomp_output_sectors.sum.pct_of_peak_sustained_elapsed","lts__gcomp_output_sectors.sum.per_second","lts__lts2xbar_cycles_active.avg.pct_of_peak_sustained_elapsed","lts__lts2xbar_cycles_active.avg.peak_sustained","lts__lts2xbar_cycles_active.avg.per_second","lts__lts2xbar_cycles_active.max.pct_of_peak_sustained_elapsed","lts__lts2xbar_cycles_active.max.peak_sustained","lts__lts2xbar_cycles_active.max.per_second","lts__lts2xbar_cycles_active.min.pct_of_peak_sustained_elapsed","lts__lts2xbar_cycles_active.min.peak_sustained","lts__lts2xbar_cycles_active.min.per_second","lts__lts2xbar_cycles_active.sum.pct_of_peak_sustained_elapsed","lts__lts2xbar_cycles_active.sum.peak_sustained","lts__lts2xbar_cycles_active.sum.per_second","lts__t_requests.sum","lts__t_requests_srcunit_gcc.sum","lts__t_requests_srcunit_tex.sum","lts__t_requests_srcunit_tex_op_atom_dot_alu.sum","lts__t_requests_srcunit_tex_op_atom_dot_cas.sum","lts__t_requests_srcunit_tex_op_read.sum","lts__t_requests_srcunit_tex_op_red.sum","lts__t_requests_srcunit_tex_op_write.sum","lts__t_sector_hit_rate.pct","lts__t_sector_op_read_hit_rate.pct","lts__t_sector_op_write_hit_rate.pct","lts__t_sectors.avg","lts__t_sectors.avg.pct_of_peak_sustained_elapsed","lts__t_sectors.avg.peak_sustained","lts__t_sectors.avg.per_cycle_elapsed","lts__t_sectors.max","lts__t_sectors.max.pct_of_peak_sustained_elapsed","lts__t_sectors.min","lts__t_sectors.min.pct_of_peak_sustained_elapsed","lts__t_sectors.sum","lts__t_sectors.sum.pct_of_peak_sustained_elapsed","lts__t_sectors.sum.per_second","lts__t_sectors_aperture_device_lookup_miss.sum","lts__t_sectors_aperture_peer_lookup_miss.sum","lts__t_sectors_aperture_sysmem_lookup_miss.sum","lts__t_sectors_data_ecc.avg.pct_of_peak_sustained_elapsed","lts__t_sectors_data_ecc.avg.peak_sustained","lts__t_sectors_data_ecc.avg.per_cycle_elapsed","lts__t_sectors_data_ecc.sum","lts__t_sectors_data_ecc.sum.per_second","lts__t_sectors_evict_first_lookup_hit.sum","lts__t_sectors_evict_first_lookup_miss.sum","lts__t_sectors_evict_last_lookup_hit.sum","lts__t_sectors_evict_last_lookup_miss.sum","lts__t_sectors_evict_normal_demote_lookup_hit.sum","lts__t_sectors_evict_normal_demote_lookup_miss.sum","lts__t_sectors_evict_normal_lookup_hit.sum","lts__t_sectors_evict_normal_lookup_miss.sum","lts__t_sectors_lookup_hit.sum","lts__t_sectors_lookup_miss.sum","lts__t_sectors_srcunit_gcc.avg.pct_of_peak_sustained_elapsed","lts__t_sectors_srcunit_gcc.avg.peak_sustained","lts__t_sectors_srcunit_gcc.avg.per_cycle_elapsed","lts__t_sectors_srcunit_gcc.sum","lts__t_sectors_srcunit_gcc.sum.per_second","lts__t_sectors_srcunit_gcc_aperture_device_lookup_miss.sum","lts__t_sectors_srcunit_gcc_aperture_peer_lookup_miss.sum","lts__t_sectors_srcunit_gcc_aperture_sysmem_lookup_miss.sum","lts__t_sectors_srcunit_gcc_lookup_hit.sum","lts__t_sectors_srcunit_gcc_lookup_miss.sum","lts__t_sectors_srcunit_tex.avg.pct_of_peak_sustained_elapsed","lts__t_sectors_srcunit_tex.avg.peak_sustained","lts__t_sectors_srcunit_tex.avg.per_cycle_elapsed","lts__t_sectors_srcunit_tex.max.pct_of_peak_sustained_elapsed","lts__t_sectors_srcunit_tex.min.pct_of_peak_sustained_elapsed","lts__t_sectors_srcunit_tex.sum","lts__t_sectors_srcunit_tex.sum.pct_of_peak_sustained_elapsed","lts__t_sectors_srcunit_tex.sum.per_second","lts__t_sectors_srcunit_tex_aperture_device_lookup_miss.sum","lts__t_sectors_srcunit_tex_aperture_device_op_atom_dot_alu_lookup_miss.sum","lts__t_sectors_srcunit_tex_aperture_device_op_atom_dot_cas_lookup_miss.sum","lts__t_sectors_srcunit_tex_aperture_device_op_read_lookup_miss.sum","lts__t_sectors_srcunit_tex_aperture_device_op_red_lookup_miss.sum","lts__t_sectors_srcunit_tex_aperture_device_op_write_lookup_miss.sum","lts__t_sectors_srcunit_tex_aperture_peer_lookup_miss.avg","lts__t_sectors_srcunit_tex_aperture_peer_lookup_miss.max","lts__t_sectors_srcunit_tex_aperture_peer_lookup_miss.min","lts__t_sectors_srcunit_tex_aperture_peer_lookup_miss.sum","lts__t_sectors_srcunit_tex_aperture_peer_op_atom.sum","lts__t_sectors_srcunit_tex_aperture_peer_op_atom.sum.pct_of_peak_sustained_elapsed","lts__t_sectors_srcunit_tex_aperture_peer_op_atom.sum.per_second","lts__t_sectors_srcunit_tex_aperture_peer_op_atom_dot_alu_lookup_miss.sum","lts__t_sectors_srcunit_tex_aperture_peer_op_atom_dot_cas_lookup_miss.sum","lts__t_sectors_srcunit_tex_aperture_peer_op_read_lookup_miss.sum","lts__t_sectors_srcunit_tex_aperture_peer_op_read_lookup_miss.sum.pct_of_peak_sustained_elapsed","lts__t_sectors_srcunit_tex_aperture_peer_op_read_lookup_miss.sum.per_second","lts__t_sectors_srcunit_tex_aperture_peer_op_red.sum","lts__t_sectors_srcunit_tex_aperture_peer_op_red.sum.pct_of_peak_sustained_elapsed","lts__t_sectors_srcunit_tex_aperture_peer_op_red.sum.per_second","lts__t_sectors_srcunit_tex_aperture_peer_op_red_lookup_miss.sum","lts__t_sectors_srcunit_tex_aperture_peer_op_write.sum","lts__t_sectors_srcunit_tex_aperture_peer_op_write.sum.pct_of_peak_sustained_elapsed","lts__t_sectors_srcunit_tex_aperture_peer_op_write.sum.per_second","lts__t_sectors_srcunit_tex_aperture_peer_op_write_lookup_miss.sum","lts__t_sectors_srcunit_tex_aperture_sysmem_lookup_miss.avg","lts__t_sectors_srcunit_tex_aperture_sysmem_lookup_miss.max","lts__t_sectors_srcunit_tex_aperture_sysmem_lookup_miss.min","lts__t_sectors_srcunit_tex_aperture_sysmem_lookup_miss.sum","lts__t_sectors_srcunit_tex_aperture_sysmem_op_atom.sum","lts__t_sectors_srcunit_tex_aperture_sysmem_op_atom.sum.pct_of_peak_sustained_elapsed","lts__t_sectors_srcunit_tex_aperture_sysmem_op_atom.sum.per_second","lts__t_sectors_srcunit_tex_aperture_sysmem_op_atom_dot_alu_lookup_miss.sum","lts__t_sectors_srcunit_tex_aperture_sysmem_op_atom_dot_cas_lookup_miss.sum","lts__t_sectors_srcunit_tex_aperture_sysmem_op_read_lookup_miss.sum","lts__t_sectors_srcunit_tex_aperture_sysmem_op_read_lookup_miss.sum.pct_of_peak_sustained_elapsed","lts__t_sectors_srcunit_tex_aperture_sysmem_op_read_lookup_miss.sum.per_second","lts__t_sectors_srcunit_tex_aperture_sysmem_op_red.sum","lts__t_sectors_srcunit_tex_aperture_sysmem_op_red.sum.pct_of_peak_sustained_elapsed","lts__t_sectors_srcunit_tex_aperture_sysmem_op_red.sum.per_second","lts__t_sectors_srcunit_tex_aperture_sysmem_op_red_lookup_miss.sum","lts__t_sectors_srcunit_tex_aperture_sysmem_op_write.sum","lts__t_sectors_srcunit_tex_aperture_sysmem_op_write.sum.pct_of_peak_sustained_elapsed","lts__t_sectors_srcunit_tex_aperture_sysmem_op_write.sum.per_second","lts__t_sectors_srcunit_tex_aperture_sysmem_op_write_lookup_miss.sum","lts__t_sectors_srcunit_tex_evict_first_lookup_hit.sum","lts__t_sectors_srcunit_tex_evict_first_lookup_miss.sum","lts__t_sectors_srcunit_tex_evict_last_lookup_hit.sum","lts__t_sectors_srcunit_tex_evict_last_lookup_miss.sum","lts__t_sectors_srcunit_tex_evict_normal_demote_lookup_hit.sum","lts__t_sectors_srcunit_tex_evict_normal_demote_lookup_miss.sum","lts__t_sectors_srcunit_tex_evict_normal_lookup_hit.sum","lts__t_sectors_srcunit_tex_evict_normal_lookup_miss.sum","lts__t_sectors_srcunit_tex_lookup_hit.sum","lts__t_sectors_srcunit_tex_lookup_miss.avg","lts__t_sectors_srcunit_tex_lookup_miss.max","lts__t_sectors_srcunit_tex_lookup_miss.min","lts__t_sectors_srcunit_tex_lookup_miss.sum","lts__t_sectors_srcunit_tex_op_atom_dot_alu.avg.pct_of_peak_sustained_elapsed","lts__t_sectors_srcunit_tex_op_atom_dot_alu.avg.peak_sustained","lts__t_sectors_srcunit_tex_op_atom_dot_alu.avg.per_cycle_elapsed","lts__t_sectors_srcunit_tex_op_atom_dot_alu.sum","lts__t_sectors_srcunit_tex_op_atom_dot_alu.sum.per_second","lts__t_sectors_srcunit_tex_op_atom_dot_alu_lookup_hit.sum","lts__t_sectors_srcunit_tex_op_atom_dot_alu_lookup_miss.sum","lts__t_sectors_srcunit_tex_op_atom_dot_cas.avg.pct_of_peak_sustained_elapsed","lts__t_sectors_srcunit_tex_op_atom_dot_cas.avg.peak_sustained","lts__t_sectors_srcunit_tex_op_atom_dot_cas.avg.per_cycle_elapsed","lts__t_sectors_srcunit_tex_op_atom_dot_cas.sum","lts__t_sectors_srcunit_tex_op_atom_dot_cas.sum.per_second","lts__t_sectors_srcunit_tex_op_atom_dot_cas_lookup_hit.sum","lts__t_sectors_srcunit_tex_op_atom_dot_cas_lookup_miss.sum","lts__t_sectors_srcunit_tex_op_atom_evict_first_lookup_hit.sum","lts__t_sectors_srcunit_tex_op_atom_evict_first_lookup_miss.sum","lts__t_sectors_srcunit_tex_op_atom_evict_last_lookup_hit.sum","lts__t_sectors_srcunit_tex_op_atom_evict_last_lookup_miss.sum","lts__t_sectors_srcunit_tex_op_atom_evict_normal_lookup_hit.sum","lts__t_sectors_srcunit_tex_op_atom_evict_normal_lookup_miss.sum","lts__t_sectors_srcunit_tex_op_read.avg.pct_of_peak_sustained_elapsed","lts__t_sectors_srcunit_tex_op_read.avg.peak_sustained","lts__t_sectors_srcunit_tex_op_read.avg.per_cycle_elapsed","lts__t_sectors_srcunit_tex_op_read.sum","lts__t_sectors_srcunit_tex_op_read.sum.per_second","lts__t_sectors_srcunit_tex_op_read_evict_first_lookup_hit.sum","lts__t_sectors_srcunit_tex_op_read_evict_first_lookup_miss.sum","lts__t_sectors_srcunit_tex_op_read_evict_last_lookup_hit.sum","lts__t_sectors_srcunit_tex_op_read_evict_last_lookup_miss.sum","lts__t_sectors_srcunit_tex_op_read_evict_normal_demote_lookup_hit.sum","lts__t_sectors_srcunit_tex_op_read_evict_normal_demote_lookup_miss.sum","lts__t_sectors_srcunit_tex_op_read_evict_normal_lookup_hit.sum","lts__t_sectors_srcunit_tex_op_read_evict_normal_lookup_miss.sum","lts__t_sectors_srcunit_tex_op_read_lookup_hit.sum","lts__t_sectors_srcunit_tex_op_read_lookup_miss.sum","lts__t_sectors_srcunit_tex_op_red.avg.pct_of_peak_sustained_elapsed","lts__t_sectors_srcunit_tex_op_red.avg.peak_sustained","lts__t_sectors_srcunit_tex_op_red.avg.per_cycle_elapsed","lts__t_sectors_srcunit_tex_op_red.sum","lts__t_sectors_srcunit_tex_op_red.sum.per_second","lts__t_sectors_srcunit_tex_op_red_lookup_hit.sum","lts__t_sectors_srcunit_tex_op_red_lookup_miss.sum","lts__t_sectors_srcunit_tex_op_write.avg.pct_of_peak_sustained_elapsed","lts__t_sectors_srcunit_tex_op_write.avg.peak_sustained","lts__t_sectors_srcunit_tex_op_write.avg.per_cycle_elapsed","lts__t_sectors_srcunit_tex_op_write.sum","lts__t_sectors_srcunit_tex_op_write.sum.per_second","lts__t_sectors_srcunit_tex_op_write_evict_first_lookup_hit.sum","lts__t_sectors_srcunit_tex_op_write_evict_first_lookup_miss.sum","lts__t_sectors_srcunit_tex_op_write_evict_last_lookup_hit.sum","lts__t_sectors_srcunit_tex_op_write_evict_last_lookup_miss.sum","lts__t_sectors_srcunit_tex_op_write_evict_normal_demote_lookup_hit.sum","lts__t_sectors_srcunit_tex_op_write_evict_normal_demote_lookup_miss.sum","lts__t_sectors_srcunit_tex_op_write_evict_normal_lookup_hit.sum","lts__t_sectors_srcunit_tex_op_write_evict_normal_lookup_miss.sum","lts__t_sectors_srcunit_tex_op_write_lookup_hit.sum","lts__t_sectors_srcunit_tex_op_write_lookup_miss.sum","lts__t_tag_requests.avg.pct_of_peak_sustained_elapsed","lts__t_tag_requests.max.pct_of_peak_sustained_elapsed","lts__t_tag_requests.min.pct_of_peak_sustained_elapsed","lts__t_tag_requests.sum.pct_of_peak_sustained_elapsed","lts__throughput.avg.pct_of_peak_sustained_elapsed","lts__throughput.max.pct_of_peak_sustained_elapsed","lts__throughput.min.pct_of_peak_sustained_elapsed","lts__throughput.sum.pct_of_peak_sustained_elapsed","lts__xbar2lts_cycles_active.avg.pct_of_peak_sustained_elapsed","lts__xbar2lts_cycles_active.max.pct_of_peak_sustained_elapsed","lts__xbar2lts_cycles_active.min.pct_of_peak_sustained_elapsed","lts__xbar2lts_cycles_active.sum.pct_of_peak_sustained_elapsed","memory_access_size_type","memory_access_type","memory_l1_tag_requests_global","memory_l1_wavefronts_shared","memory_l1_wavefronts_shared_ideal","memory_l2_theoretical_sectors_global","memory_l2_theoretical_sectors_global_ideal","memory_l2_theoretical_sectors_local","memory_type","numa__cpu_affinity","numa__dev_display_name_all","numa__id_cpu","numa__id_memory","nvlink__bandwidth","nvlink__count_logical","nvlink__count_physical","nvlink__destination_ports","nvlink__dev0Id","nvlink__dev0type","nvlink__dev1Id","nvlink__dev1type","nvlink__dev_display_name_all","nvlink__enabled_mask","nvlink__is_direct_link","nvlink__is_nvswitch_connected","nvlink__max_count","nvlink__peer_access","nvlink__peer_atomic","nvlink__source_ports","nvlink__system_access","nvlink__system_atomic","nvlrx__bytes.sum.per_second","nvltx__bytes.sum.per_second","pcie__read_bytes.avg.per_second","pcie__read_bytes.max.per_second","pcie__read_bytes.min.per_second","pcie__read_bytes.sum.per_second","pcie__write_bytes.avg.per_second","pcie__write_bytes.max.per_second","pcie__write_bytes.min.per_second","pcie__write_bytes.sum.per_second","pmsampling:sm__inst_executed_pipe_xu_realtime.avg.pct_of_peak_sustained_elapsed","pmsampling:sm__pipe_tensor_cycles_active_realtime.avg.pct_of_peak_sustained_elapsed","profiler__perfworks_session_reuse","profiler__pmsampler_buffer_size_bytes","profiler__pmsampler_ctxsw_0","profiler__pmsampler_ctxsw_1","profiler__pmsampler_interval_time","profiler__pmsampler_merged_samples","profiler__pmsampler_pass_groups","profiler__replayer_bytes_mem_accessible.avg","profiler__replayer_bytes_mem_accessible.max","profiler__replayer_bytes_mem_accessible.min","profiler__replayer_bytes_mem_accessible.sum","profiler__replayer_bytes_mem_backed_up.avg","profiler__replayer_bytes_mem_backed_up.max","profiler__replayer_bytes_mem_backed_up.min","profiler__replayer_bytes_mem_backed_up.sum","profiler__replayer_passes","profiler__replayer_passes_type_warmup","profiler__timestamp_workload_end_0","profiler__timestamp_workload_end_1","profiler__timestamp_workload_start_0","profiler__timestamp_workload_start_1","sass__inst_executed_global_loads","sass__inst_executed_global_stores","sass__inst_executed_local_loads","sass__inst_executed_local_stores","sass__inst_executed_per_opcode","sass__inst_executed_per_opcode_category","sass__inst_executed_per_opcode_with_modifier_all","sass__inst_executed_per_opcode_with_modifier_selective","sass__inst_executed_register_spilling","sass__inst_executed_register_spilling_mem_local","sass__inst_executed_register_spilling_mem_shared","sass__inst_executed_register_spilling_op_read","sass__inst_executed_register_spilling_op_write","sass__inst_executed_shared_loads","sass__inst_executed_shared_stores","sass__thread_inst_executed_per_opcode_category","sass__thread_inst_executed_true_per_opcode","sass__thread_inst_executed_true_per_opcode_with_modifier_all","sass__thread_inst_executed_true_per_opcode_with_modifier_selective","sm__cycles_active.avg","sm__cycles_active.max","sm__cycles_active.min","sm__cycles_active.sum","sm__cycles_elapsed.avg","sm__cycles_elapsed.avg.per_second","sm__cycles_elapsed.max","sm__cycles_elapsed.max.per_second","sm__cycles_elapsed.min","sm__cycles_elapsed.min.per_second","sm__cycles_elapsed.sum","sm__cycles_elapsed.sum.per_second","sm__icc_request_hit_rate.pct","sm__icc_requests.sum","sm__icc_requests.sum.pct_of_peak_sustained_elapsed","sm__inst_executed.avg.pct_of_peak_sustained_elapsed","sm__inst_executed.avg.per_cycle_active","sm__inst_executed.avg.per_cycle_elapsed","sm__inst_executed.max.pct_of_peak_sustained_elapsed","sm__inst_executed.max.per_cycle_active","sm__inst_executed.max.per_cycle_elapsed","sm__inst_executed.min.pct_of_peak_sustained_elapsed","sm__inst_executed.min.per_cycle_active","sm__inst_executed.min.per_cycle_elapsed","sm__inst_executed.sum.pct_of_peak_sustained_elapsed","sm__inst_executed.sum.per_cycle_active","sm__inst_executed.sum.per_cycle_elapsed","sm__inst_executed_pipe_adu.avg.pct_of_peak_sustained_active","sm__inst_executed_pipe_adu.avg.pct_of_peak_sustained_elapsed","sm__inst_executed_pipe_adu.max.pct_of_peak_sustained_active","sm__inst_executed_pipe_adu.max.pct_of_peak_sustained_elapsed","sm__inst_executed_pipe_adu.min.pct_of_peak_sustained_active","sm__inst_executed_pipe_adu.min.pct_of_peak_sustained_elapsed","sm__inst_executed_pipe_adu.sum.pct_of_peak_sustained_active","sm__inst_executed_pipe_adu.sum.pct_of_peak_sustained_elapsed","sm__inst_executed_pipe_alu.avg.pct_of_peak_sustained_active","sm__inst_executed_pipe_alu.avg.pct_of_peak_sustained_elapsed","sm__inst_executed_pipe_alu.max.pct_of_peak_sustained_active","sm__inst_executed_pipe_alu.max.pct_of_peak_sustained_elapsed","sm__inst_executed_pipe_alu.min.pct_of_peak_sustained_active","sm__inst_executed_pipe_alu.min.pct_of_peak_sustained_elapsed","sm__inst_executed_pipe_alu.sum.pct_of_peak_sustained_active","sm__inst_executed_pipe_alu.sum.pct_of_peak_sustained_elapsed","sm__inst_executed_pipe_cbu.avg.pct_of_peak_sustained_active","sm__inst_executed_pipe_cbu.avg.pct_of_peak_sustained_elapsed","sm__inst_executed_pipe_cbu.max.pct_of_peak_sustained_active","sm__inst_executed_pipe_cbu.max.pct_of_peak_sustained_elapsed","sm__inst_executed_pipe_cbu.min.pct_of_peak_sustained_active","sm__inst_executed_pipe_cbu.min.pct_of_peak_sustained_elapsed","sm__inst_executed_pipe_cbu.sum.pct_of_peak_sustained_active","sm__inst_executed_pipe_cbu.sum.pct_of_peak_sustained_elapsed","sm__inst_executed_pipe_cbu_pred_on_any.avg.pct_of_peak_sustained_elapsed","sm__inst_executed_pipe_cbu_pred_on_any.max.pct_of_peak_sustained_elapsed","sm__inst_executed_pipe_cbu_pred_on_any.min.pct_of_peak_sustained_elapsed","sm__inst_executed_pipe_cbu_pred_on_any.sum.pct_of_peak_sustained_elapsed","sm__inst_executed_pipe_fma.avg.pct_of_peak_sustained_active","sm__inst_executed_pipe_fma.avg.pct_of_peak_sustained_elapsed","sm__inst_executed_pipe_fma.max.pct_of_peak_sustained_active","sm__inst_executed_pipe_fma.max.pct_of_peak_sustained_elapsed","sm__inst_executed_pipe_fma.min.pct_of_peak_sustained_active","sm__inst_executed_pipe_fma.min.pct_of_peak_sustained_elapsed","sm__inst_executed_pipe_fma.sum.pct_of_peak_sustained_active","sm__inst_executed_pipe_fma.sum.pct_of_peak_sustained_elapsed","sm__inst_executed_pipe_fma_type_fp16.avg.pct_of_peak_sustained_active","sm__inst_executed_pipe_fma_type_fp16.avg.pct_of_peak_sustained_elapsed","sm__inst_executed_pipe_fp64_op_dmma.avg.pct_of_peak_sustained_active","sm__inst_executed_pipe_fp64_op_dmma.avg.pct_of_peak_sustained_elapsed","sm__inst_executed_pipe_fp64_op_dmma.max.pct_of_peak_sustained_active","sm__inst_executed_pipe_fp64_op_dmma.max.pct_of_peak_sustained_elapsed","sm__inst_executed_pipe_fp64_op_dmma.min.pct_of_peak_sustained_active","sm__inst_executed_pipe_fp64_op_dmma.min.pct_of_peak_sustained_elapsed","sm__inst_executed_pipe_fp64_op_dmma.sum.pct_of_peak_sustained_active","sm__inst_executed_pipe_fp64_op_dmma.sum.pct_of_peak_sustained_elapsed","sm__inst_executed_pipe_fp64_op_fp64.avg.pct_of_peak_sustained_active","sm__inst_executed_pipe_fp64_op_fp64.avg.pct_of_peak_sustained_elapsed","sm__inst_executed_pipe_fp64_op_fp64.max.pct_of_peak_sustained_active","sm__inst_executed_pipe_fp64_op_fp64.max.pct_of_peak_sustained_elapsed","sm__inst_executed_pipe_fp64_op_fp64.min.pct_of_peak_sustained_active","sm__inst_executed_pipe_fp64_op_fp64.min.pct_of_peak_sustained_elapsed","sm__inst_executed_pipe_fp64_op_fp64.sum.pct_of_peak_sustained_active","sm__inst_executed_pipe_fp64_op_fp64.sum.pct_of_peak_sustained_elapsed","sm__inst_executed_pipe_ipa.avg.pct_of_peak_sustained_elapsed","sm__inst_executed_pipe_ipa.max.pct_of_peak_sustained_elapsed","sm__inst_executed_pipe_ipa.min.pct_of_peak_sustained_elapsed","sm__inst_executed_pipe_ipa.sum.pct_of_peak_sustained_elapsed","sm__inst_executed_pipe_lsu.avg.pct_of_peak_sustained_active","sm__inst_executed_pipe_lsu.avg.pct_of_peak_sustained_elapsed","sm__inst_executed_pipe_lsu.max.pct_of_peak_sustained_active","sm__inst_executed_pipe_lsu.max.pct_of_peak_sustained_elapsed","sm__inst_executed_pipe_lsu.min.pct_of_peak_sustained_active","sm__inst_executed_pipe_lsu.min.pct_of_peak_sustained_elapsed","sm__inst_executed_pipe_lsu.sum.pct_of_peak_sustained_active","sm__inst_executed_pipe_lsu.sum.pct_of_peak_sustained_elapsed","sm__inst_executed_pipe_tensor_op_hmma_v2.avg.pct_of_peak_sustained_active","sm__inst_executed_pipe_tensor_op_hmma_v2.avg.pct_of_peak_sustained_elapsed","sm__inst_executed_pipe_tensor_op_imma_v2.avg.pct_of_peak_sustained_active","sm__inst_executed_pipe_tensor_op_imma_v2.avg.pct_of_peak_sustained_elapsed","sm__inst_executed_pipe_tex.avg.pct_of_peak_sustained_active","sm__inst_executed_pipe_tex.avg.pct_of_peak_sustained_elapsed","sm__inst_executed_pipe_tex.max.pct_of_peak_sustained_active","sm__inst_executed_pipe_tex.max.pct_of_peak_sustained_elapsed","sm__inst_executed_pipe_tex.min.pct_of_peak_sustained_active","sm__inst_executed_pipe_tex.min.pct_of_peak_sustained_elapsed","sm__inst_executed_pipe_tex.sum.pct_of_peak_sustained_active","sm__inst_executed_pipe_tex.sum.pct_of_peak_sustained_elapsed","sm__inst_executed_pipe_uniform.avg.pct_of_peak_sustained_active","sm__inst_executed_pipe_uniform.avg.pct_of_peak_sustained_elapsed","sm__inst_executed_pipe_uniform.max.pct_of_peak_sustained_active","sm__inst_executed_pipe_uniform.max.pct_of_peak_sustained_elapsed","sm__inst_executed_pipe_uniform.min.pct_of_peak_sustained_active","sm__inst_executed_pipe_uniform.min.pct_of_peak_sustained_elapsed","sm__inst_executed_pipe_uniform.sum.pct_of_peak_sustained_active","sm__inst_executed_pipe_uniform.sum.pct_of_peak_sustained_elapsed","sm__inst_executed_pipe_xu.avg.pct_of_peak_sustained_active","sm__inst_executed_pipe_xu.avg.pct_of_peak_sustained_elapsed","sm__inst_executed_pipe_xu.max.pct_of_peak_sustained_active","sm__inst_executed_pipe_xu.max.pct_of_peak_sustained_elapsed","sm__inst_executed_pipe_xu.min.pct_of_peak_sustained_active","sm__inst_executed_pipe_xu.min.pct_of_peak_sustained_elapsed","sm__inst_executed_pipe_xu.sum.pct_of_peak_sustained_active","sm__inst_executed_pipe_xu.sum.pct_of_peak_sustained_elapsed","sm__inst_issued.avg.pct_of_peak_sustained_elapsed","sm__inst_issued.avg.per_cycle_active","sm__inst_issued.max.pct_of_peak_sustained_elapsed","sm__inst_issued.max.per_cycle_active","sm__inst_issued.min.pct_of_peak_sustained_elapsed","sm__inst_issued.min.per_cycle_active","sm__inst_issued.sum.pct_of_peak_sustained_elapsed","sm__inst_issued.sum.per_cycle_active","sm__instruction_throughput.avg.pct_of_peak_sustained_elapsed","sm__instruction_throughput.max.pct_of_peak_sustained_elapsed","sm__instruction_throughput.min.pct_of_peak_sustained_elapsed","sm__instruction_throughput.sum.pct_of_peak_sustained_elapsed","sm__instruction_throughput_internal_activity.avg.pct_of_peak_sustained_elapsed","sm__instruction_throughput_internal_activity.max.pct_of_peak_sustained_elapsed","sm__instruction_throughput_internal_activity.min.pct_of_peak_sustained_elapsed","sm__instruction_throughput_internal_activity.sum.pct_of_peak_sustained_elapsed","sm__issue_active.avg.pct_of_peak_sustained_elapsed","sm__issue_active.max.pct_of_peak_sustained_elapsed","sm__issue_active.min.pct_of_peak_sustained_elapsed","sm__issue_active.sum.pct_of_peak_sustained_elapsed","sm__maximum_warps_avg_per_active_cycle","sm__maximum_warps_per_active_cycle_pct","sm__memory_throughput.avg.pct_of_peak_sustained_elapsed","sm__memory_throughput.max.pct_of_peak_sustained_elapsed","sm__memory_throughput.min.pct_of_peak_sustained_elapsed","sm__memory_throughput.sum.pct_of_peak_sustained_elapsed","sm__memory_throughput_internal_activity.avg.pct_of_peak_sustained_elapsed","sm__memory_throughput_internal_activity.max.pct_of_peak_sustained_elapsed","sm__memory_throughput_internal_activity.min.pct_of_peak_sustained_elapsed","sm__memory_throughput_internal_activity.sum.pct_of_peak_sustained_elapsed","sm__mio2rf_writeback_active.avg.pct_of_peak_sustained_elapsed","sm__mio2rf_writeback_active.max.pct_of_peak_sustained_elapsed","sm__mio2rf_writeback_active.min.pct_of_peak_sustained_elapsed","sm__mio2rf_writeback_active.sum.pct_of_peak_sustained_elapsed","sm__mio_inst_issued.avg.pct_of_peak_sustained_elapsed","sm__mio_inst_issued.max.pct_of_peak_sustained_elapsed","sm__mio_inst_issued.min.pct_of_peak_sustained_elapsed","sm__mio_inst_issued.sum.pct_of_peak_sustained_elapsed","sm__mio_pq_read_cycles_active.avg.pct_of_peak_sustained_elapsed","sm__mio_pq_read_cycles_active.max.pct_of_peak_sustained_elapsed","sm__mio_pq_read_cycles_active.min.pct_of_peak_sustained_elapsed","sm__mio_pq_read_cycles_active.sum.pct_of_peak_sustained_elapsed","sm__mio_pq_write_cycles_active.avg.pct_of_peak_sustained_elapsed","sm__mio_pq_write_cycles_active.max.pct_of_peak_sustained_elapsed","sm__mio_pq_write_cycles_active.min.pct_of_peak_sustained_elapsed","sm__mio_pq_write_cycles_active.sum.pct_of_peak_sustained_elapsed","sm__ops_path_tensor_src_bf16_dst_fp32_sparsity_off.avg","sm__ops_path_tensor_src_bf16_dst_fp32_sparsity_off.avg.pct_of_peak_sustained_elapsed","sm__ops_path_tensor_src_bf16_dst_fp32_sparsity_off.avg.peak_sustained","sm__ops_path_tensor_src_bf16_dst_fp32_sparsity_off.avg.peak_sustained_elapsed.per_second","sm__ops_path_tensor_src_bf16_dst_fp32_sparsity_off.avg.per_cycle_elapsed","sm__ops_path_tensor_src_bf16_dst_fp32_sparsity_off.avg.per_second","sm__ops_path_tensor_src_bf16_dst_fp32_sparsity_off.max","sm__ops_path_tensor_src_bf16_dst_fp32_sparsity_off.max.pct_of_peak_sustained_elapsed","sm__ops_path_tensor_src_bf16_dst_fp32_sparsity_off.max.peak_sustained","sm__ops_path_tensor_src_bf16_dst_fp32_sparsity_off.max.peak_sustained_elapsed.per_second","sm__ops_path_tensor_src_bf16_dst_fp32_sparsity_off.max.per_cycle_elapsed","sm__ops_path_tensor_src_bf16_dst_fp32_sparsity_off.max.per_second","sm__ops_path_tensor_src_bf16_dst_fp32_sparsity_off.min","sm__ops_path_tensor_src_bf16_dst_fp32_sparsity_off.min.pct_of_peak_sustained_elapsed","sm__ops_path_tensor_src_bf16_dst_fp32_sparsity_off.min.peak_sustained","sm__ops_path_tensor_src_bf16_dst_fp32_sparsity_off.min.peak_sustained_elapsed.per_second","sm__ops_path_tensor_src_bf16_dst_fp32_sparsity_off.min.per_cycle_elapsed","sm__ops_path_tensor_src_bf16_dst_fp32_sparsity_off.min.per_second","sm__ops_path_tensor_src_bf16_dst_fp32_sparsity_off.sum","sm__ops_path_tensor_src_bf16_dst_fp32_sparsity_off.sum.pct_of_peak_sustained_elapsed","sm__ops_path_tensor_src_bf16_dst_fp32_sparsity_off.sum.peak_sustained","sm__ops_path_tensor_src_bf16_dst_fp32_sparsity_off.sum.peak_sustained_elapsed.per_second","sm__ops_path_tensor_src_bf16_dst_fp32_sparsity_off.sum.per_cycle_elapsed","sm__ops_path_tensor_src_bf16_dst_fp32_sparsity_off.sum.per_second","sm__ops_path_tensor_src_bf16_dst_fp32_sparsity_on.avg","sm__ops_path_tensor_src_bf16_dst_fp32_sparsity_on.avg.pct_of_peak_sustained_elapsed","sm__ops_path_tensor_src_bf16_dst_fp32_sparsity_on.avg.peak_sustained","sm__ops_path_tensor_src_bf16_dst_fp32_sparsity_on.avg.peak_sustained_elapsed.per_second","sm__ops_path_tensor_src_bf16_dst_fp32_sparsity_on.avg.per_cycle_elapsed","sm__ops_path_tensor_src_bf16_dst_fp32_sparsity_on.avg.per_second","sm__ops_path_tensor_src_bf16_dst_fp32_sparsity_on.max","sm__ops_path_tensor_src_bf16_dst_fp32_sparsity_on.max.pct_of_peak_sustained_elapsed","sm__ops_path_tensor_src_bf16_dst_fp32_sparsity_on.max.peak_sustained","sm__ops_path_tensor_src_bf16_dst_fp32_sparsity_on.max.peak_sustained_elapsed.per_second","sm__ops_path_tensor_src_bf16_dst_fp32_sparsity_on.max.per_cycle_elapsed","sm__ops_path_tensor_src_bf16_dst_fp32_sparsity_on.max.per_second","sm__ops_path_tensor_src_bf16_dst_fp32_sparsity_on.min","sm__ops_path_tensor_src_bf16_dst_fp32_sparsity_on.min.pct_of_peak_sustained_elapsed","sm__ops_path_tensor_src_bf16_dst_fp32_sparsity_on.min.peak_sustained","sm__ops_path_tensor_src_bf16_dst_fp32_sparsity_on.min.peak_sustained_elapsed.per_second","sm__ops_path_tensor_src_bf16_dst_fp32_sparsity_on.min.per_cycle_elapsed","sm__ops_path_tensor_src_bf16_dst_fp32_sparsity_on.min.per_second","sm__ops_path_tensor_src_bf16_dst_fp32_sparsity_on.sum","sm__ops_path_tensor_src_bf16_dst_fp32_sparsity_on.sum.pct_of_peak_sustained_elapsed","sm__ops_path_tensor_src_bf16_dst_fp32_sparsity_on.sum.peak_sustained","sm__ops_path_tensor_src_bf16_dst_fp32_sparsity_on.sum.peak_sustained_elapsed.per_second","sm__ops_path_tensor_src_bf16_dst_fp32_sparsity_on.sum.per_cycle_elapsed","sm__ops_path_tensor_src_bf16_dst_fp32_sparsity_on.sum.per_second","sm__ops_path_tensor_src_fp16_dst_fp16_sparsity_off.avg","sm__ops_path_tensor_src_fp16_dst_fp16_sparsity_off.avg.pct_of_peak_sustained_elapsed","sm__ops_path_tensor_src_fp16_dst_fp16_sparsity_off.avg.peak_sustained","sm__ops_path_tensor_src_fp16_dst_fp16_sparsity_off.avg.peak_sustained_elapsed.per_second","sm__ops_path_tensor_src_fp16_dst_fp16_sparsity_off.avg.per_cycle_elapsed","sm__ops_path_tensor_src_fp16_dst_fp16_sparsity_off.avg.per_second","sm__ops_path_tensor_src_fp16_dst_fp16_sparsity_off.max","sm__ops_path_tensor_src_fp16_dst_fp16_sparsity_off.max.pct_of_peak_sustained_elapsed","sm__ops_path_tensor_src_fp16_dst_fp16_sparsity_off.max.peak_sustained","sm__ops_path_tensor_src_fp16_dst_fp16_sparsity_off.max.peak_sustained_elapsed.per_second","sm__ops_path_tensor_src_fp16_dst_fp16_sparsity_off.max.per_cycle_elapsed","sm__ops_path_tensor_src_fp16_dst_fp16_sparsity_off.max.per_second","sm__ops_path_tensor_src_fp16_dst_fp16_sparsity_off.min","sm__ops_path_tensor_src_fp16_dst_fp16_sparsity_off.min.pct_of_peak_sustained_elapsed","sm__ops_path_tensor_src_fp16_dst_fp16_sparsity_off.min.peak_sustained","sm__ops_path_tensor_src_fp16_dst_fp16_sparsity_off.min.peak_sustained_elapsed.per_second","sm__ops_path_tensor_src_fp16_dst_fp16_sparsity_off.min.per_cycle_elapsed","sm__ops_path_tensor_src_fp16_dst_fp16_sparsity_off.min.per_second","sm__ops_path_tensor_src_fp16_dst_fp16_sparsity_off.sum","sm__ops_path_tensor_src_fp16_dst_fp16_sparsity_off.sum.pct_of_peak_sustained_elapsed","sm__ops_path_tensor_src_fp16_dst_fp16_sparsity_off.sum.peak_sustained","sm__ops_path_tensor_src_fp16_dst_fp16_sparsity_off.sum.peak_sustained_elapsed.per_second","sm__ops_path_tensor_src_fp16_dst_fp16_sparsity_off.sum.per_cycle_elapsed","sm__ops_path_tensor_src_fp16_dst_fp16_sparsity_off.sum.per_second","sm__ops_path_tensor_src_fp16_dst_fp16_sparsity_on.avg","sm__ops_path_tensor_src_fp16_dst_fp16_sparsity_on.avg.pct_of_peak_sustained_elapsed","sm__ops_path_tensor_src_fp16_dst_fp16_sparsity_on.avg.peak_sustained","sm__ops_path_tensor_src_fp16_dst_fp16_sparsity_on.avg.peak_sustained_elapsed.per_second","sm__ops_path_tensor_src_fp16_dst_fp16_sparsity_on.avg.per_cycle_elapsed","sm__ops_path_tensor_src_fp16_dst_fp16_sparsity_on.avg.per_second","sm__ops_path_tensor_src_fp16_dst_fp16_sparsity_on.max","sm__ops_path_tensor_src_fp16_dst_fp16_sparsity_on.max.pct_of_peak_sustained_elapsed","sm__ops_path_tensor_src_fp16_dst_fp16_sparsity_on.max.peak_sustained","sm__ops_path_tensor_src_fp16_dst_fp16_sparsity_on.max.peak_sustained_elapsed.per_second","sm__ops_path_tensor_src_fp16_dst_fp16_sparsity_on.max.per_cycle_elapsed","sm__ops_path_tensor_src_fp16_dst_fp16_sparsity_on.max.per_second","sm__ops_path_tensor_src_fp16_dst_fp16_sparsity_on.min","sm__ops_path_tensor_src_fp16_dst_fp16_sparsity_on.min.pct_of_peak_sustained_elapsed","sm__ops_path_tensor_src_fp16_dst_fp16_sparsity_on.min.peak_sustained","sm__ops_path_tensor_src_fp16_dst_fp16_sparsity_on.min.peak_sustained_elapsed.per_second","sm__ops_path_tensor_src_fp16_dst_fp16_sparsity_on.min.per_cycle_elapsed","sm__ops_path_tensor_src_fp16_dst_fp16_sparsity_on.min.per_second","sm__ops_path_tensor_src_fp16_dst_fp16_sparsity_on.sum","sm__ops_path_tensor_src_fp16_dst_fp16_sparsity_on.sum.pct_of_peak_sustained_elapsed","sm__ops_path_tensor_src_fp16_dst_fp16_sparsity_on.sum.peak_sustained","sm__ops_path_tensor_src_fp16_dst_fp16_sparsity_on.sum.peak_sustained_elapsed.per_second","sm__ops_path_tensor_src_fp16_dst_fp16_sparsity_on.sum.per_cycle_elapsed","sm__ops_path_tensor_src_fp16_dst_fp16_sparsity_on.sum.per_second","sm__ops_path_tensor_src_fp16_dst_fp32_sparsity_off.avg","sm__ops_path_tensor_src_fp16_dst_fp32_sparsity_off.avg.pct_of_peak_sustained_elapsed","sm__ops_path_tensor_src_fp16_dst_fp32_sparsity_off.avg.peak_sustained","sm__ops_path_tensor_src_fp16_dst_fp32_sparsity_off.avg.peak_sustained_elapsed.per_second","sm__ops_path_tensor_src_fp16_dst_fp32_sparsity_off.avg.per_cycle_elapsed","sm__ops_path_tensor_src_fp16_dst_fp32_sparsity_off.avg.per_second","sm__ops_path_tensor_src_fp16_dst_fp32_sparsity_off.max","sm__ops_path_tensor_src_fp16_dst_fp32_sparsity_off.max.pct_of_peak_sustained_elapsed","sm__ops_path_tensor_src_fp16_dst_fp32_sparsity_off.max.peak_sustained","sm__ops_path_tensor_src_fp16_dst_fp32_sparsity_off.max.peak_sustained_elapsed.per_second","sm__ops_path_tensor_src_fp16_dst_fp32_sparsity_off.max.per_cycle_elapsed","sm__ops_path_tensor_src_fp16_dst_fp32_sparsity_off.max.per_second","sm__ops_path_tensor_src_fp16_dst_fp32_sparsity_off.min","sm__ops_path_tensor_src_fp16_dst_fp32_sparsity_off.min.pct_of_peak_sustained_elapsed","sm__ops_path_tensor_src_fp16_dst_fp32_sparsity_off.min.peak_sustained","sm__ops_path_tensor_src_fp16_dst_fp32_sparsity_off.min.peak_sustained_elapsed.per_second","sm__ops_path_tensor_src_fp16_dst_fp32_sparsity_off.min.per_cycle_elapsed","sm__ops_path_tensor_src_fp16_dst_fp32_sparsity_off.min.per_second","sm__ops_path_tensor_src_fp16_dst_fp32_sparsity_off.sum","sm__ops_path_tensor_src_fp16_dst_fp32_sparsity_off.sum.pct_of_peak_sustained_elapsed","sm__ops_path_tensor_src_fp16_dst_fp32_sparsity_off.sum.peak_sustained","sm__ops_path_tensor_src_fp16_dst_fp32_sparsity_off.sum.peak_sustained_elapsed.per_second","sm__ops_path_tensor_src_fp16_dst_fp32_sparsity_off.sum.per_cycle_elapsed","sm__ops_path_tensor_src_fp16_dst_fp32_sparsity_off.sum.per_second","sm__ops_path_tensor_src_fp16_dst_fp32_sparsity_on.avg","sm__ops_path_tensor_src_fp16_dst_fp32_sparsity_on.avg.pct_of_peak_sustained_elapsed","sm__ops_path_tensor_src_fp16_dst_fp32_sparsity_on.avg.peak_sustained","sm__ops_path_tensor_src_fp16_dst_fp32_sparsity_on.avg.peak_sustained_elapsed.per_second","sm__ops_path_tensor_src_fp16_dst_fp32_sparsity_on.avg.per_cycle_elapsed","sm__ops_path_tensor_src_fp16_dst_fp32_sparsity_on.avg.per_second","sm__ops_path_tensor_src_fp16_dst_fp32_sparsity_on.max","sm__ops_path_tensor_src_fp16_dst_fp32_sparsity_on.max.pct_of_peak_sustained_elapsed","sm__ops_path_tensor_src_fp16_dst_fp32_sparsity_on.max.peak_sustained","sm__ops_path_tensor_src_fp16_dst_fp32_sparsity_on.max.peak_sustained_elapsed.per_second","sm__ops_path_tensor_src_fp16_dst_fp32_sparsity_on.max.per_cycle_elapsed","sm__ops_path_tensor_src_fp16_dst_fp32_sparsity_on.max.per_second","sm__ops_path_tensor_src_fp16_dst_fp32_sparsity_on.min","sm__ops_path_tensor_src_fp16_dst_fp32_sparsity_on.min.pct_of_peak_sustained_elapsed","sm__ops_path_tensor_src_fp16_dst_fp32_sparsity_on.min.peak_sustained","sm__ops_path_tensor_src_fp16_dst_fp32_sparsity_on.min.peak_sustained_elapsed.per_second","sm__ops_path_tensor_src_fp16_dst_fp32_sparsity_on.min.per_cycle_elapsed","sm__ops_path_tensor_src_fp16_dst_fp32_sparsity_on.min.per_second","sm__ops_path_tensor_src_fp16_dst_fp32_sparsity_on.sum","sm__ops_path_tensor_src_fp16_dst_fp32_sparsity_on.sum.pct_of_peak_sustained_elapsed","sm__ops_path_tensor_src_fp16_dst_fp32_sparsity_on.sum.peak_sustained","sm__ops_path_tensor_src_fp16_dst_fp32_sparsity_on.sum.peak_sustained_elapsed.per_second","sm__ops_path_tensor_src_fp16_dst_fp32_sparsity_on.sum.per_cycle_elapsed","sm__ops_path_tensor_src_fp16_dst_fp32_sparsity_on.sum.per_second","sm__ops_path_tensor_src_fp64.avg","sm__ops_path_tensor_src_fp64.avg.pct_of_peak_sustained_elapsed","sm__ops_path_tensor_src_fp64.avg.peak_sustained","sm__ops_path_tensor_src_fp64.avg.peak_sustained_elapsed.per_second","sm__ops_path_tensor_src_fp64.avg.per_cycle_elapsed","sm__ops_path_tensor_src_fp64.avg.per_second","sm__ops_path_tensor_src_fp64.max","sm__ops_path_tensor_src_fp64.max.pct_of_peak_sustained_elapsed","sm__ops_path_tensor_src_fp64.max.peak_sustained","sm__ops_path_tensor_src_fp64.max.peak_sustained_elapsed.per_second","sm__ops_path_tensor_src_fp64.max.per_cycle_elapsed","sm__ops_path_tensor_src_fp64.max.per_second","sm__ops_path_tensor_src_fp64.min","sm__ops_path_tensor_src_fp64.min.pct_of_peak_sustained_elapsed","sm__ops_path_tensor_src_fp64.min.peak_sustained","sm__ops_path_tensor_src_fp64.min.peak_sustained_elapsed.per_second","sm__ops_path_tensor_src_fp64.min.per_cycle_elapsed","sm__ops_path_tensor_src_fp64.min.per_second","sm__ops_path_tensor_src_fp64.sum","sm__ops_path_tensor_src_fp64.sum.pct_of_peak_sustained_elapsed","sm__ops_path_tensor_src_fp64.sum.peak_sustained","sm__ops_path_tensor_src_fp64.sum.peak_sustained_elapsed.per_second","sm__ops_path_tensor_src_fp64.sum.per_cycle_elapsed","sm__ops_path_tensor_src_fp64.sum.per_second","sm__ops_path_tensor_src_fp8_sparsity_off.avg","sm__ops_path_tensor_src_fp8_sparsity_off.avg.pct_of_peak_sustained_elapsed","sm__ops_path_tensor_src_fp8_sparsity_off.avg.peak_sustained","sm__ops_path_tensor_src_fp8_sparsity_off.avg.peak_sustained_elapsed.per_second","sm__ops_path_tensor_src_fp8_sparsity_off.avg.per_cycle_elapsed","sm__ops_path_tensor_src_fp8_sparsity_off.avg.per_second","sm__ops_path_tensor_src_fp8_sparsity_off.max","sm__ops_path_tensor_src_fp8_sparsity_off.max.pct_of_peak_sustained_elapsed","sm__ops_path_tensor_src_fp8_sparsity_off.max.peak_sustained","sm__ops_path_tensor_src_fp8_sparsity_off.max.peak_sustained_elapsed.per_second","sm__ops_path_tensor_src_fp8_sparsity_off.max.per_cycle_elapsed","sm__ops_path_tensor_src_fp8_sparsity_off.max.per_second","sm__ops_path_tensor_src_fp8_sparsity_off.min","sm__ops_path_tensor_src_fp8_sparsity_off.min.pct_of_peak_sustained_elapsed","sm__ops_path_tensor_src_fp8_sparsity_off.min.peak_sustained","sm__ops_path_tensor_src_fp8_sparsity_off.min.peak_sustained_elapsed.per_second","sm__ops_path_tensor_src_fp8_sparsity_off.min.per_cycle_elapsed","sm__ops_path_tensor_src_fp8_sparsity_off.min.per_second","sm__ops_path_tensor_src_fp8_sparsity_off.sum","sm__ops_path_tensor_src_fp8_sparsity_off.sum.pct_of_peak_sustained_elapsed","sm__ops_path_tensor_src_fp8_sparsity_off.sum.peak_sustained","sm__ops_path_tensor_src_fp8_sparsity_off.sum.peak_sustained_elapsed.per_second","sm__ops_path_tensor_src_fp8_sparsity_off.sum.per_cycle_elapsed","sm__ops_path_tensor_src_fp8_sparsity_off.sum.per_second","sm__ops_path_tensor_src_fp8_sparsity_on.avg","sm__ops_path_tensor_src_fp8_sparsity_on.avg.pct_of_peak_sustained_elapsed","sm__ops_path_tensor_src_fp8_sparsity_on.avg.peak_sustained","sm__ops_path_tensor_src_fp8_sparsity_on.avg.peak_sustained_elapsed.per_second","sm__ops_path_tensor_src_fp8_sparsity_on.avg.per_cycle_elapsed","sm__ops_path_tensor_src_fp8_sparsity_on.avg.per_second","sm__ops_path_tensor_src_fp8_sparsity_on.max","sm__ops_path_tensor_src_fp8_sparsity_on.max.pct_of_peak_sustained_elapsed","sm__ops_path_tensor_src_fp8_sparsity_on.max.peak_sustained","sm__ops_path_tensor_src_fp8_sparsity_on.max.peak_sustained_elapsed.per_second","sm__ops_path_tensor_src_fp8_sparsity_on.max.per_cycle_elapsed","sm__ops_path_tensor_src_fp8_sparsity_on.max.per_second","sm__ops_path_tensor_src_fp8_sparsity_on.min","sm__ops_path_tensor_src_fp8_sparsity_on.min.pct_of_peak_sustained_elapsed","sm__ops_path_tensor_src_fp8_sparsity_on.min.peak_sustained","sm__ops_path_tensor_src_fp8_sparsity_on.min.peak_sustained_elapsed.per_second","sm__ops_path_tensor_src_fp8_sparsity_on.min.per_cycle_elapsed","sm__ops_path_tensor_src_fp8_sparsity_on.min.per_second","sm__ops_path_tensor_src_fp8_sparsity_on.sum","sm__ops_path_tensor_src_fp8_sparsity_on.sum.pct_of_peak_sustained_elapsed","sm__ops_path_tensor_src_fp8_sparsity_on.sum.peak_sustained","sm__ops_path_tensor_src_fp8_sparsity_on.sum.peak_sustained_elapsed.per_second","sm__ops_path_tensor_src_fp8_sparsity_on.sum.per_cycle_elapsed","sm__ops_path_tensor_src_fp8_sparsity_on.sum.per_second","sm__ops_path_tensor_src_int1.avg","sm__ops_path_tensor_src_int1.avg.pct_of_peak_sustained_elapsed","sm__ops_path_tensor_src_int1.avg.peak_sustained","sm__ops_path_tensor_src_int1.avg.peak_sustained_elapsed.per_second","sm__ops_path_tensor_src_int1.avg.per_cycle_elapsed","sm__ops_path_tensor_src_int1.avg.per_second","sm__ops_path_tensor_src_int1.max","sm__ops_path_tensor_src_int1.max.pct_of_peak_sustained_elapsed","sm__ops_path_tensor_src_int1.max.peak_sustained","sm__ops_path_tensor_src_int1.max.peak_sustained_elapsed.per_second","sm__ops_path_tensor_src_int1.max.per_cycle_elapsed","sm__ops_path_tensor_src_int1.max.per_second","sm__ops_path_tensor_src_int1.min","sm__ops_path_tensor_src_int1.min.pct_of_peak_sustained_elapsed","sm__ops_path_tensor_src_int1.min.peak_sustained","sm__ops_path_tensor_src_int1.min.peak_sustained_elapsed.per_second","sm__ops_path_tensor_src_int1.min.per_cycle_elapsed","sm__ops_path_tensor_src_int1.min.per_second","sm__ops_path_tensor_src_int1.sum","sm__ops_path_tensor_src_int1.sum.pct_of_peak_sustained_elapsed","sm__ops_path_tensor_src_int1.sum.peak_sustained","sm__ops_path_tensor_src_int1.sum.peak_sustained_elapsed.per_second","sm__ops_path_tensor_src_int1.sum.per_cycle_elapsed","sm__ops_path_tensor_src_int1.sum.per_second","sm__ops_path_tensor_src_int4_sparsity_off.avg","sm__ops_path_tensor_src_int4_sparsity_off.avg.pct_of_peak_sustained_elapsed","sm__ops_path_tensor_src_int4_sparsity_off.avg.peak_sustained","sm__ops_path_tensor_src_int4_sparsity_off.avg.peak_sustained_elapsed.per_second","sm__ops_path_tensor_src_int4_sparsity_off.avg.per_cycle_elapsed","sm__ops_path_tensor_src_int4_sparsity_off.avg.per_second","sm__ops_path_tensor_src_int4_sparsity_off.max","sm__ops_path_tensor_src_int4_sparsity_off.max.pct_of_peak_sustained_elapsed","sm__ops_path_tensor_src_int4_sparsity_off.max.peak_sustained","sm__ops_path_tensor_src_int4_sparsity_off.max.peak_sustained_elapsed.per_second","sm__ops_path_tensor_src_int4_sparsity_off.max.per_cycle_elapsed","sm__ops_path_tensor_src_int4_sparsity_off.max.per_second","sm__ops_path_tensor_src_int4_sparsity_off.min","sm__ops_path_tensor_src_int4_sparsity_off.min.pct_of_peak_sustained_elapsed","sm__ops_path_tensor_src_int4_sparsity_off.min.peak_sustained","sm__ops_path_tensor_src_int4_sparsity_off.min.peak_sustained_elapsed.per_second","sm__ops_path_tensor_src_int4_sparsity_off.min.per_cycle_elapsed","sm__ops_path_tensor_src_int4_sparsity_off.min.per_second","sm__ops_path_tensor_src_int4_sparsity_off.sum","sm__ops_path_tensor_src_int4_sparsity_off.sum.pct_of_peak_sustained_elapsed","sm__ops_path_tensor_src_int4_sparsity_off.sum.peak_sustained","sm__ops_path_tensor_src_int4_sparsity_off.sum.peak_sustained_elapsed.per_second","sm__ops_path_tensor_src_int4_sparsity_off.sum.per_cycle_elapsed","sm__ops_path_tensor_src_int4_sparsity_off.sum.per_second","sm__ops_path_tensor_src_int4_sparsity_on.avg","sm__ops_path_tensor_src_int4_sparsity_on.avg.pct_of_peak_sustained_elapsed","sm__ops_path_tensor_src_int4_sparsity_on.avg.peak_sustained","sm__ops_path_tensor_src_int4_sparsity_on.avg.peak_sustained_elapsed.per_second","sm__ops_path_tensor_src_int4_sparsity_on.avg.per_cycle_elapsed","sm__ops_path_tensor_src_int4_sparsity_on.avg.per_second","sm__ops_path_tensor_src_int4_sparsity_on.max","sm__ops_path_tensor_src_int4_sparsity_on.max.pct_of_peak_sustained_elapsed","sm__ops_path_tensor_src_int4_sparsity_on.max.peak_sustained","sm__ops_path_tensor_src_int4_sparsity_on.max.peak_sustained_elapsed.per_second","sm__ops_path_tensor_src_int4_sparsity_on.max.per_cycle_elapsed","sm__ops_path_tensor_src_int4_sparsity_on.max.per_second","sm__ops_path_tensor_src_int4_sparsity_on.min","sm__ops_path_tensor_src_int4_sparsity_on.min.pct_of_peak_sustained_elapsed","sm__ops_path_tensor_src_int4_sparsity_on.min.peak_sustained","sm__ops_path_tensor_src_int4_sparsity_on.min.peak_sustained_elapsed.per_second","sm__ops_path_tensor_src_int4_sparsity_on.min.per_cycle_elapsed","sm__ops_path_tensor_src_int4_sparsity_on.min.per_second","sm__ops_path_tensor_src_int4_sparsity_on.sum","sm__ops_path_tensor_src_int4_sparsity_on.sum.pct_of_peak_sustained_elapsed","sm__ops_path_tensor_src_int4_sparsity_on.sum.peak_sustained","sm__ops_path_tensor_src_int4_sparsity_on.sum.peak_sustained_elapsed.per_second","sm__ops_path_tensor_src_int4_sparsity_on.sum.per_cycle_elapsed","sm__ops_path_tensor_src_int4_sparsity_on.sum.per_second","sm__ops_path_tensor_src_int8_sparsity_off.avg","sm__ops_path_tensor_src_int8_sparsity_off.avg.pct_of_peak_sustained_elapsed","sm__ops_path_tensor_src_int8_sparsity_off.avg.peak_sustained","sm__ops_path_tensor_src_int8_sparsity_off.avg.peak_sustained_elapsed.per_second","sm__ops_path_tensor_src_int8_sparsity_off.avg.per_cycle_elapsed","sm__ops_path_tensor_src_int8_sparsity_off.avg.per_second","sm__ops_path_tensor_src_int8_sparsity_off.max","sm__ops_path_tensor_src_int8_sparsity_off.max.pct_of_peak_sustained_elapsed","sm__ops_path_tensor_src_int8_sparsity_off.max.peak_sustained","sm__ops_path_tensor_src_int8_sparsity_off.max.peak_sustained_elapsed.per_second","sm__ops_path_tensor_src_int8_sparsity_off.max.per_cycle_elapsed","sm__ops_path_tensor_src_int8_sparsity_off.max.per_second","sm__ops_path_tensor_src_int8_sparsity_off.min","sm__ops_path_tensor_src_int8_sparsity_off.min.pct_of_peak_sustained_elapsed","sm__ops_path_tensor_src_int8_sparsity_off.min.peak_sustained","sm__ops_path_tensor_src_int8_sparsity_off.min.peak_sustained_elapsed.per_second","sm__ops_path_tensor_src_int8_sparsity_off.min.per_cycle_elapsed","sm__ops_path_tensor_src_int8_sparsity_off.min.per_second","sm__ops_path_tensor_src_int8_sparsity_off.sum","sm__ops_path_tensor_src_int8_sparsity_off.sum.pct_of_peak_sustained_elapsed","sm__ops_path_tensor_src_int8_sparsity_off.sum.peak_sustained","sm__ops_path_tensor_src_int8_sparsity_off.sum.peak_sustained_elapsed.per_second","sm__ops_path_tensor_src_int8_sparsity_off.sum.per_cycle_elapsed","sm__ops_path_tensor_src_int8_sparsity_off.sum.per_second","sm__ops_path_tensor_src_int8_sparsity_on.avg","sm__ops_path_tensor_src_int8_sparsity_on.avg.pct_of_peak_sustained_elapsed","sm__ops_path_tensor_src_int8_sparsity_on.avg.peak_sustained","sm__ops_path_tensor_src_int8_sparsity_on.avg.peak_sustained_elapsed.per_second","sm__ops_path_tensor_src_int8_sparsity_on.avg.per_cycle_elapsed","sm__ops_path_tensor_src_int8_sparsity_on.avg.per_second","sm__ops_path_tensor_src_int8_sparsity_on.max","sm__ops_path_tensor_src_int8_sparsity_on.max.pct_of_peak_sustained_elapsed","sm__ops_path_tensor_src_int8_sparsity_on.max.peak_sustained","sm__ops_path_tensor_src_int8_sparsity_on.max.peak_sustained_elapsed.per_second","sm__ops_path_tensor_src_int8_sparsity_on.max.per_cycle_elapsed","sm__ops_path_tensor_src_int8_sparsity_on.max.per_second","sm__ops_path_tensor_src_int8_sparsity_on.min","sm__ops_path_tensor_src_int8_sparsity_on.min.pct_of_peak_sustained_elapsed","sm__ops_path_tensor_src_int8_sparsity_on.min.peak_sustained","sm__ops_path_tensor_src_int8_sparsity_on.min.peak_sustained_elapsed.per_second","sm__ops_path_tensor_src_int8_sparsity_on.min.per_cycle_elapsed","sm__ops_path_tensor_src_int8_sparsity_on.min.per_second","sm__ops_path_tensor_src_int8_sparsity_on.sum","sm__ops_path_tensor_src_int8_sparsity_on.sum.pct_of_peak_sustained_elapsed","sm__ops_path_tensor_src_int8_sparsity_on.sum.peak_sustained","sm__ops_path_tensor_src_int8_sparsity_on.sum.peak_sustained_elapsed.per_second","sm__ops_path_tensor_src_int8_sparsity_on.sum.per_cycle_elapsed","sm__ops_path_tensor_src_int8_sparsity_on.sum.per_second","sm__ops_path_tensor_src_tf32_dst_fp32_sparsity_off.avg","sm__ops_path_tensor_src_tf32_dst_fp32_sparsity_off.avg.pct_of_peak_sustained_elapsed","sm__ops_path_tensor_src_tf32_dst_fp32_sparsity_off.avg.peak_sustained","sm__ops_path_tensor_src_tf32_dst_fp32_sparsity_off.avg.peak_sustained_elapsed.per_second","sm__ops_path_tensor_src_tf32_dst_fp32_sparsity_off.avg.per_cycle_elapsed","sm__ops_path_tensor_src_tf32_dst_fp32_sparsity_off.avg.per_second","sm__ops_path_tensor_src_tf32_dst_fp32_sparsity_off.max","sm__ops_path_tensor_src_tf32_dst_fp32_sparsity_off.max.pct_of_peak_sustained_elapsed","sm__ops_path_tensor_src_tf32_dst_fp32_sparsity_off.max.peak_sustained","sm__ops_path_tensor_src_tf32_dst_fp32_sparsity_off.max.peak_sustained_elapsed.per_second","sm__ops_path_tensor_src_tf32_dst_fp32_sparsity_off.max.per_cycle_elapsed","sm__ops_path_tensor_src_tf32_dst_fp32_sparsity_off.max.per_second","sm__ops_path_tensor_src_tf32_dst_fp32_sparsity_off.min","sm__ops_path_tensor_src_tf32_dst_fp32_sparsity_off.min.pct_of_peak_sustained_elapsed","sm__ops_path_tensor_src_tf32_dst_fp32_sparsity_off.min.peak_sustained","sm__ops_path_tensor_src_tf32_dst_fp32_sparsity_off.min.peak_sustained_elapsed.per_second","sm__ops_path_tensor_src_tf32_dst_fp32_sparsity_off.min.per_cycle_elapsed","sm__ops_path_tensor_src_tf32_dst_fp32_sparsity_off.min.per_second","sm__ops_path_tensor_src_tf32_dst_fp32_sparsity_off.sum","sm__ops_path_tensor_src_tf32_dst_fp32_sparsity_off.sum.pct_of_peak_sustained_elapsed","sm__ops_path_tensor_src_tf32_dst_fp32_sparsity_off.sum.peak_sustained","sm__ops_path_tensor_src_tf32_dst_fp32_sparsity_off.sum.peak_sustained_elapsed.per_second","sm__ops_path_tensor_src_tf32_dst_fp32_sparsity_off.sum.per_cycle_elapsed","sm__ops_path_tensor_src_tf32_dst_fp32_sparsity_off.sum.per_second","sm__ops_path_tensor_src_tf32_dst_fp32_sparsity_on.avg","sm__ops_path_tensor_src_tf32_dst_fp32_sparsity_on.avg.pct_of_peak_sustained_elapsed","sm__ops_path_tensor_src_tf32_dst_fp32_sparsity_on.avg.peak_sustained","sm__ops_path_tensor_src_tf32_dst_fp32_sparsity_on.avg.peak_sustained_elapsed.per_second","sm__ops_path_tensor_src_tf32_dst_fp32_sparsity_on.avg.per_cycle_elapsed","sm__ops_path_tensor_src_tf32_dst_fp32_sparsity_on.avg.per_second","sm__ops_path_tensor_src_tf32_dst_fp32_sparsity_on.max","sm__ops_path_tensor_src_tf32_dst_fp32_sparsity_on.max.pct_of_peak_sustained_elapsed","sm__ops_path_tensor_src_tf32_dst_fp32_sparsity_on.max.peak_sustained","sm__ops_path_tensor_src_tf32_dst_fp32_sparsity_on.max.peak_sustained_elapsed.per_second","sm__ops_path_tensor_src_tf32_dst_fp32_sparsity_on.max.per_cycle_elapsed","sm__ops_path_tensor_src_tf32_dst_fp32_sparsity_on.max.per_second","sm__ops_path_tensor_src_tf32_dst_fp32_sparsity_on.min","sm__ops_path_tensor_src_tf32_dst_fp32_sparsity_on.min.pct_of_peak_sustained_elapsed","sm__ops_path_tensor_src_tf32_dst_fp32_sparsity_on.min.peak_sustained","sm__ops_path_tensor_src_tf32_dst_fp32_sparsity_on.min.peak_sustained_elapsed.per_second","sm__ops_path_tensor_src_tf32_dst_fp32_sparsity_on.min.per_cycle_elapsed","sm__ops_path_tensor_src_tf32_dst_fp32_sparsity_on.min.per_second","sm__ops_path_tensor_src_tf32_dst_fp32_sparsity_on.sum","sm__ops_path_tensor_src_tf32_dst_fp32_sparsity_on.sum.pct_of_peak_sustained_elapsed","sm__ops_path_tensor_src_tf32_dst_fp32_sparsity_on.sum.peak_sustained","sm__ops_path_tensor_src_tf32_dst_fp32_sparsity_on.sum.peak_sustained_elapsed.per_second","sm__ops_path_tensor_src_tf32_dst_fp32_sparsity_on.sum.per_cycle_elapsed","sm__ops_path_tensor_src_tf32_dst_fp32_sparsity_on.sum.per_second","sm__pipe_alu_cycles_active.avg.pct_of_peak_sustained_active","sm__pipe_alu_cycles_active.avg.pct_of_peak_sustained_elapsed","sm__pipe_alu_cycles_active.max.pct_of_peak_sustained_active","sm__pipe_alu_cycles_active.max.pct_of_peak_sustained_elapsed","sm__pipe_alu_cycles_active.min.pct_of_peak_sustained_active","sm__pipe_alu_cycles_active.min.pct_of_peak_sustained_elapsed","sm__pipe_alu_cycles_active.sum.pct_of_peak_sustained_active","sm__pipe_alu_cycles_active.sum.pct_of_peak_sustained_elapsed","sm__pipe_fma_cycles_active.avg.pct_of_peak_sustained_active","sm__pipe_fma_cycles_active.avg.pct_of_peak_sustained_elapsed","sm__pipe_fma_cycles_active.max.pct_of_peak_sustained_active","sm__pipe_fma_cycles_active.max.pct_of_peak_sustained_elapsed","sm__pipe_fma_cycles_active.min.pct_of_peak_sustained_active","sm__pipe_fma_cycles_active.min.pct_of_peak_sustained_elapsed","sm__pipe_fma_cycles_active.sum.pct_of_peak_sustained_active","sm__pipe_fma_cycles_active.sum.pct_of_peak_sustained_elapsed","sm__pipe_fmaheavy_cycles_active.avg.pct_of_peak_sustained_elapsed","sm__pipe_fmaheavy_cycles_active.max.pct_of_peak_sustained_elapsed","sm__pipe_fmaheavy_cycles_active.min.pct_of_peak_sustained_elapsed","sm__pipe_fmaheavy_cycles_active.sum.pct_of_peak_sustained_elapsed","sm__pipe_fp64_cycles_active.avg.pct_of_peak_sustained_active","sm__pipe_fp64_cycles_active.avg.pct_of_peak_sustained_elapsed","sm__pipe_fp64_cycles_active.max.pct_of_peak_sustained_active","sm__pipe_fp64_cycles_active.max.pct_of_peak_sustained_elapsed","sm__pipe_fp64_cycles_active.min.pct_of_peak_sustained_active","sm__pipe_fp64_cycles_active.min.pct_of_peak_sustained_elapsed","sm__pipe_fp64_cycles_active.sum.pct_of_peak_sustained_active","sm__pipe_fp64_cycles_active.sum.pct_of_peak_sustained_elapsed","sm__pipe_tensor_cycles_active.avg.pct_of_peak_sustained_elapsed","sm__pipe_tensor_cycles_active.max.pct_of_peak_sustained_elapsed","sm__pipe_tensor_cycles_active.min.pct_of_peak_sustained_elapsed","sm__pipe_tensor_cycles_active.sum.pct_of_peak_sustained_elapsed","sm__pipe_tensor_cycles_active_v2.avg.pct_of_peak_sustained_active","sm__pipe_tensor_cycles_active_v2.avg.pct_of_peak_sustained_elapsed","sm__pipe_tensor_cycles_active_v2.max.pct_of_peak_sustained_elapsed","sm__pipe_tensor_cycles_active_v2.min.pct_of_peak_sustained_elapsed","sm__pipe_tensor_cycles_active_v2.sum.pct_of_peak_sustained_elapsed","sm__pipe_tensor_op_hmma_cycles_active_v2.avg.pct_of_peak_sustained_active","sm__pipe_tensor_op_hmma_cycles_active_v2.avg.pct_of_peak_sustained_elapsed","sm__pipe_tensor_op_imma_cycles_active_v2.avg.pct_of_peak_sustained_active","sm__pipe_tensor_op_imma_cycles_active_v2.avg.pct_of_peak_sustained_elapsed","sm__sass_inst_executed_op_ldgsts_cache_access.sum","sm__sass_inst_executed_op_ldgsts_cache_bypass.sum","sm__sass_l1tex_m_xbar2l1tex_read_bytes_mem_global_op_ldgsts_cache_bypass.sum","sm__sass_l1tex_m_xbar2l1tex_read_bytes_mem_global_op_ldgsts_cache_bypass.sum.pct_of_peak_sustained_elapsed","sm__sass_l1tex_m_xbar2l1tex_read_bytes_mem_global_op_ldgsts_cache_bypass.sum.per_second","sm__sass_l1tex_t_requests_pipe_lsu_mem_global_op_ldgsts.sum","sm__sass_l1tex_t_requests_pipe_lsu_mem_global_op_ldgsts.sum.pct_of_peak_sustained_elapsed","sm__sass_l1tex_t_requests_pipe_lsu_mem_global_op_ldgsts_cache_access.sum","sm__sass_l1tex_t_requests_pipe_lsu_mem_global_op_ldgsts_cache_bypass.sum","sm__sass_l1tex_t_sectors_pipe_lsu_mem_global_op_ldgsts_cache_access.sum","sm__sass_l1tex_t_sectors_pipe_lsu_mem_global_op_ldgsts_cache_access.sum.pct_of_peak_sustained_elapsed","sm__sass_l1tex_t_sectors_pipe_lsu_mem_global_op_ldgsts_cache_access.sum.per_second","sm__sass_l1tex_t_sectors_pipe_lsu_mem_global_op_ldgsts_cache_bypass.sum","sm__sass_l1tex_t_sectors_pipe_lsu_mem_global_op_ldgsts_cache_bypass.sum.pct_of_peak_sustained_elapsed","sm__sass_thread_inst_executed_op_dfma_pred_on.avg.peak_sustained","sm__sass_thread_inst_executed_op_dfma_pred_on.max.peak_sustained","sm__sass_thread_inst_executed_op_dfma_pred_on.min.peak_sustained","sm__sass_thread_inst_executed_op_dfma_pred_on.sum.peak_sustained","sm__sass_thread_inst_executed_op_ffma_pred_on.avg.peak_sustained","sm__sass_thread_inst_executed_op_ffma_pred_on.max.peak_sustained","sm__sass_thread_inst_executed_op_ffma_pred_on.min.peak_sustained","sm__sass_thread_inst_executed_op_ffma_pred_on.sum.peak_sustained","sm__sass_thread_inst_executed_op_hfma_pred_on.avg.peak_sustained","sm__sass_thread_inst_executed_op_hfma_pred_on.max.peak_sustained","sm__sass_thread_inst_executed_op_hfma_pred_on.min.peak_sustained","sm__sass_thread_inst_executed_op_hfma_pred_on.sum.peak_sustained","sm__throughput.avg.pct_of_peak_sustained_elapsed","sm__throughput.max.pct_of_peak_sustained_elapsed","sm__throughput.min.pct_of_peak_sustained_elapsed","sm__throughput.sum.pct_of_peak_sustained_elapsed","sm__warps_active.avg.pct_of_peak_sustained_active","sm__warps_active.avg.per_cycle_active","sm__warps_active.max.pct_of_peak_sustained_active","sm__warps_active.max.per_cycle_active","sm__warps_active.min.pct_of_peak_sustained_active","sm__warps_active.min.per_cycle_active","sm__warps_active.sum.pct_of_peak_sustained_active","sm__warps_active.sum.per_cycle_active","smsp__average_warp_latency_per_inst_issued.ratio","smsp__average_warps_active_per_inst_executed.ratio","smsp__average_warps_issue_stalled_barrier_per_issue_active.ratio","smsp__average_warps_issue_stalled_branch_resolving_per_issue_active.ratio","smsp__average_warps_issue_stalled_dispatch_stall_per_issue_active.ratio","smsp__average_warps_issue_stalled_drain_per_issue_active.ratio","smsp__average_warps_issue_stalled_imc_miss_per_issue_active.ratio","smsp__average_warps_issue_stalled_lg_throttle_per_issue_active.ratio","smsp__average_warps_issue_stalled_long_scoreboard_per_issue_active.ratio","smsp__average_warps_issue_stalled_math_pipe_throttle_per_issue_active.ratio","smsp__average_warps_issue_stalled_membar_per_issue_active.ratio","smsp__average_warps_issue_stalled_mio_throttle_per_issue_active.ratio","smsp__average_warps_issue_stalled_misc_per_issue_active.ratio","smsp__average_warps_issue_stalled_no_instruction_per_issue_active.ratio","smsp__average_warps_issue_stalled_not_selected_per_issue_active.ratio","smsp__average_warps_issue_stalled_selected_per_issue_active.ratio","smsp__average_warps_issue_stalled_short_scoreboard_per_issue_active.ratio","smsp__average_warps_issue_stalled_sleeping_per_issue_active.ratio","smsp__average_warps_issue_stalled_tex_throttle_per_issue_active.ratio","smsp__average_warps_issue_stalled_wait_per_issue_active.ratio","smsp__branch_targets_threads_divergent","smsp__cycles_active.avg","smsp__cycles_active.max","smsp__cycles_active.min","smsp__cycles_active.sum","smsp__cycles_elapsed.avg","smsp__cycles_elapsed.avg.per_second","smsp__cycles_elapsed.max","smsp__cycles_elapsed.max.per_second","smsp__cycles_elapsed.min","smsp__cycles_elapsed.min.per_second","smsp__cycles_elapsed.sum","smsp__cycles_elapsed.sum.per_second","smsp__imc_request_hit_rate.pct","smsp__imc_requests.sum","smsp__imc_requests.sum.pct_of_peak_sustained_elapsed","smsp__inst_executed.avg","smsp__inst_executed.max","smsp__inst_executed.min","smsp__inst_executed.sum","smsp__inst_executed_op_branch.avg","smsp__inst_executed_op_branch.max","smsp__inst_executed_op_branch.min","smsp__inst_executed_op_branch.sum","smsp__inst_executed_op_generic_atom_dot_alu.sum","smsp__inst_executed_op_generic_atom_dot_alu.sum.pct_of_peak_sustained_elapsed","smsp__inst_executed_op_generic_atom_dot_cas.sum","smsp__inst_executed_op_generic_atom_dot_cas.sum.pct_of_peak_sustained_elapsed","smsp__inst_executed_op_global_red.sum","smsp__inst_executed_op_global_red.sum.pct_of_peak_sustained_elapsed","smsp__inst_executed_op_ldgsts.sum","smsp__inst_executed_op_ldgsts.sum.pct_of_peak_sustained_elapsed","smsp__inst_executed_op_ldsm.sum","smsp__inst_executed_op_ldsm.sum.pct_of_peak_sustained_elapsed","smsp__inst_executed_op_shared_atom.sum","smsp__inst_executed_op_shared_atom.sum.pct_of_peak_sustained_elapsed","smsp__inst_executed_op_surface_atom_dot_alu.sum","smsp__inst_executed_op_surface_atom_dot_alu.sum.pct_of_peak_sustained_elapsed","smsp__inst_executed_op_surface_atom_dot_cas.sum","smsp__inst_executed_op_surface_atom_dot_cas.sum.pct_of_peak_sustained_elapsed","smsp__inst_executed_op_surface_ld.sum","smsp__inst_executed_op_surface_ld.sum.pct_of_peak_sustained_elapsed","smsp__inst_executed_op_surface_red.sum","smsp__inst_executed_op_surface_red.sum.pct_of_peak_sustained_elapsed","smsp__inst_executed_op_surface_st.sum","smsp__inst_executed_op_surface_st.sum.pct_of_peak_sustained_elapsed","smsp__inst_executed_op_texture.sum","smsp__inst_executed_op_texture.sum.pct_of_peak_sustained_elapsed","smsp__inst_issued.avg","smsp__inst_issued.max","smsp__inst_issued.min","smsp__inst_issued.sum","smsp__issue_active.avg.pct_of_peak_sustained_active","smsp__issue_active.avg.per_cycle_active","smsp__issue_active.max.pct_of_peak_sustained_active","smsp__issue_active.max.per_cycle_active","smsp__issue_active.min.pct_of_peak_sustained_active","smsp__issue_active.min.per_cycle_active","smsp__issue_active.sum.pct_of_peak_sustained_active","smsp__issue_active.sum.per_cycle_active","smsp__issue_inst0.avg.pct_of_peak_sustained_active","smsp__issue_inst0.max.pct_of_peak_sustained_active","smsp__issue_inst0.min.pct_of_peak_sustained_active","smsp__issue_inst0.sum.pct_of_peak_sustained_active","smsp__maximum_warps_avg_per_active_cycle","smsp__pcsamp_aggregated_passes","smsp__pcsamp_buffer_size_bytes","smsp__pcsamp_dropped_bytes","smsp__pcsamp_interval","smsp__pcsamp_interval_cycles","smsp__pcsamp_sample_count","smsp__pcsamp_warps_issue_stalled_barrier","smsp__pcsamp_warps_issue_stalled_barrier_not_issued","smsp__pcsamp_warps_issue_stalled_branch_resolving","smsp__pcsamp_warps_issue_stalled_branch_resolving_not_issued","smsp__pcsamp_warps_issue_stalled_dispatch_stall","smsp__pcsamp_warps_issue_stalled_dispatch_stall_not_issued","smsp__pcsamp_warps_issue_stalled_drain","smsp__pcsamp_warps_issue_stalled_drain_not_issued","smsp__pcsamp_warps_issue_stalled_imc_miss","smsp__pcsamp_warps_issue_stalled_imc_miss_not_issued","smsp__pcsamp_warps_issue_stalled_lg_throttle","smsp__pcsamp_warps_issue_stalled_lg_throttle_not_issued","smsp__pcsamp_warps_issue_stalled_long_scoreboard","smsp__pcsamp_warps_issue_stalled_long_scoreboard_not_issued","smsp__pcsamp_warps_issue_stalled_math_pipe_throttle","smsp__pcsamp_warps_issue_stalled_math_pipe_throttle_not_issued","smsp__pcsamp_warps_issue_stalled_membar","smsp__pcsamp_warps_issue_stalled_membar_not_issued","smsp__pcsamp_warps_issue_stalled_mio_throttle","smsp__pcsamp_warps_issue_stalled_mio_throttle_not_issued","smsp__pcsamp_warps_issue_stalled_misc","smsp__pcsamp_warps_issue_stalled_misc_not_issued","smsp__pcsamp_warps_issue_stalled_no_instructions","smsp__pcsamp_warps_issue_stalled_no_instructions_not_issued","smsp__pcsamp_warps_issue_stalled_not_selected","smsp__pcsamp_warps_issue_stalled_not_selected_not_issued","smsp__pcsamp_warps_issue_stalled_selected","smsp__pcsamp_warps_issue_stalled_selected_not_issued","smsp__pcsamp_warps_issue_stalled_short_scoreboard","smsp__pcsamp_warps_issue_stalled_short_scoreboard_not_issued","smsp__pcsamp_warps_issue_stalled_sleeping","smsp__pcsamp_warps_issue_stalled_sleeping_not_issued","smsp__pcsamp_warps_issue_stalled_tex_throttle","smsp__pcsamp_warps_issue_stalled_tex_throttle_not_issued","smsp__pcsamp_warps_issue_stalled_wait","smsp__pcsamp_warps_issue_stalled_wait_not_issued","smsp__sass_average_branch_targets_threads_uniform.pct","smsp__sass_average_data_bytes_per_sector_mem_global_op_ld.max_rate","smsp__sass_average_data_bytes_per_sector_mem_global_op_ld.ratio","smsp__sass_average_data_bytes_per_sector_mem_global_op_st.max_rate","smsp__sass_average_data_bytes_per_sector_mem_global_op_st.ratio","smsp__sass_average_data_bytes_per_sector_mem_local_op_ld.max_rate","smsp__sass_average_data_bytes_per_sector_mem_local_op_ld.ratio","smsp__sass_average_data_bytes_per_sector_mem_local_op_st.max_rate","smsp__sass_average_data_bytes_per_sector_mem_local_op_st.ratio","smsp__sass_branch_targets_threads_divergent.avg","smsp__sass_branch_targets_threads_divergent.max","smsp__sass_branch_targets_threads_divergent.min","smsp__sass_branch_targets_threads_divergent.sum","smsp__sass_inst_executed_memdesc_explicit_evict_type","smsp__sass_inst_executed_memdesc_explicit_hitprop_evict_first","smsp__sass_inst_executed_memdesc_explicit_hitprop_evict_last","smsp__sass_inst_executed_memdesc_explicit_hitprop_evict_normal","smsp__sass_inst_executed_memdesc_explicit_hitprop_evict_normal_demote","smsp__sass_inst_executed_memdesc_explicit_missprop_evict_first","smsp__sass_inst_executed_memdesc_explicit_missprop_evict_normal","smsp__sass_inst_executed_op_global_ld.sum","smsp__sass_inst_executed_op_global_st.sum","smsp__sass_inst_executed_op_local_ld.sum","smsp__sass_inst_executed_op_local_st.sum","smsp__sass_inst_executed_op_shared_ld.sum","smsp__sass_inst_executed_op_shared_st.sum","smsp__sass_l1tex_data_bank_conflicts_pipe_lsu_mem_shared_op_ldgsts.sum","smsp__sass_l1tex_data_bank_conflicts_pipe_lsu_mem_shared_op_st.sum","smsp__sass_l1tex_data_pipe_lsu_wavefronts_mem_shared_op_ldgsts.sum","smsp__sass_l1tex_data_pipe_lsu_wavefronts_mem_shared_op_ldgsts.sum.pct_of_peak_sustained_elapsed","smsp__sass_l1tex_data_pipe_lsu_wavefronts_mem_shared_op_ldgsts_cache_access.sum","smsp__sass_l1tex_data_pipe_lsu_wavefronts_mem_shared_op_ldgsts_cache_access.sum.pct_of_peak_sustained_elapsed","smsp__sass_l1tex_data_pipe_lsu_wavefronts_mem_shared_op_st.sum","smsp__sass_l1tex_data_pipe_lsu_wavefronts_mem_shared_op_st.sum.pct_of_peak_sustained_elapsed","smsp__sass_l1tex_m_xbar2l1tex_read_sectors_mem_global_op_ldgsts_cache_bypass.sum","smsp__sass_l1tex_m_xbar2l1tex_read_sectors_mem_global_op_ldgsts_cache_bypass.sum.pct_of_peak_sustained_elapsed","smsp__sass_thread_inst_executed_op_dadd_pred_on.avg.per_cycle_elapsed","smsp__sass_thread_inst_executed_op_dadd_pred_on.max.per_cycle_elapsed","smsp__sass_thread_inst_executed_op_dadd_pred_on.min.per_cycle_elapsed","smsp__sass_thread_inst_executed_op_dadd_pred_on.sum.per_cycle_elapsed","smsp__sass_thread_inst_executed_op_dfma_pred_on.avg.per_cycle_elapsed","smsp__sass_thread_inst_executed_op_dfma_pred_on.max.per_cycle_elapsed","smsp__sass_thread_inst_executed_op_dfma_pred_on.min.per_cycle_elapsed","smsp__sass_thread_inst_executed_op_dfma_pred_on.sum.per_cycle_elapsed","smsp__sass_thread_inst_executed_op_dmul_pred_on.avg.per_cycle_elapsed","smsp__sass_thread_inst_executed_op_dmul_pred_on.max.per_cycle_elapsed","smsp__sass_thread_inst_executed_op_dmul_pred_on.min.per_cycle_elapsed","smsp__sass_thread_inst_executed_op_dmul_pred_on.sum.per_cycle_elapsed","smsp__sass_thread_inst_executed_op_fadd_pred_on.avg.per_cycle_elapsed","smsp__sass_thread_inst_executed_op_fadd_pred_on.max.per_cycle_elapsed","smsp__sass_thread_inst_executed_op_fadd_pred_on.min.per_cycle_elapsed","smsp__sass_thread_inst_executed_op_fadd_pred_on.sum.per_cycle_elapsed","smsp__sass_thread_inst_executed_op_ffma_pred_on.avg.per_cycle_elapsed","smsp__sass_thread_inst_executed_op_ffma_pred_on.max.per_cycle_elapsed","smsp__sass_thread_inst_executed_op_ffma_pred_on.min.per_cycle_elapsed","smsp__sass_thread_inst_executed_op_ffma_pred_on.sum.per_cycle_elapsed","smsp__sass_thread_inst_executed_op_fmul_pred_on.avg.per_cycle_elapsed","smsp__sass_thread_inst_executed_op_fmul_pred_on.max.per_cycle_elapsed","smsp__sass_thread_inst_executed_op_fmul_pred_on.min.per_cycle_elapsed","smsp__sass_thread_inst_executed_op_fmul_pred_on.sum.per_cycle_elapsed","smsp__sass_thread_inst_executed_op_hadd_pred_on.avg.per_cycle_elapsed","smsp__sass_thread_inst_executed_op_hadd_pred_on.max.per_cycle_elapsed","smsp__sass_thread_inst_executed_op_hadd_pred_on.min.per_cycle_elapsed","smsp__sass_thread_inst_executed_op_hadd_pred_on.sum.per_cycle_elapsed","smsp__sass_thread_inst_executed_op_hfma_pred_on.avg.per_cycle_elapsed","smsp__sass_thread_inst_executed_op_hfma_pred_on.max.per_cycle_elapsed","smsp__sass_thread_inst_executed_op_hfma_pred_on.min.per_cycle_elapsed","smsp__sass_thread_inst_executed_op_hfma_pred_on.sum.per_cycle_elapsed","smsp__sass_thread_inst_executed_op_hmul_pred_on.avg.per_cycle_elapsed","smsp__sass_thread_inst_executed_op_hmul_pred_on.max.per_cycle_elapsed","smsp__sass_thread_inst_executed_op_hmul_pred_on.min.per_cycle_elapsed","smsp__sass_thread_inst_executed_op_hmul_pred_on.sum.per_cycle_elapsed","smsp__thread_inst_executed_per_inst_executed.ratio","smsp__thread_inst_executed_pred_on_per_inst_executed.ratio","smsp__warps_active.avg.peak_sustained","smsp__warps_active.avg.per_cycle_active","smsp__warps_active.max.peak_sustained","smsp__warps_active.max.per_cycle_active","smsp__warps_active.min.peak_sustained","smsp__warps_active.min.per_cycle_active","smsp__warps_active.sum.peak_sustained","smsp__warps_active.sum.per_cycle_active","smsp__warps_eligible.avg.per_cycle_active","smsp__warps_eligible.max.per_cycle_active","smsp__warps_eligible.min.per_cycle_active","smsp__warps_eligible.sum.per_cycle_active","thread_inst_executed","thread_inst_executed_true"
"","","","","","","","","","","","%","%","%","block","%","%","","cycle","cycle","inst/cycle","%","%","%","%","%","warp","warp","","","thread","thread","thread","thread","","","","%","Kbyte","Gbyte","","","Mbyte","%","%/register","%/Kbyte","thread","thread","thread","%","thread","thread","thread","thread","thread","","","","","","","","","","","","","","","","","","","","","","","","","","","","","","","","","","","","","","","","","","","","","","","","","","","","","","","","","","","","","","","","","","","","","","","","","","","","","","","","","","","","","","","","","","","","","","","","","","","","","","","","","","","","","","","","","","","","","","","","","","","","","","","","","","","","","","","","","","","","","","","","","","","","","","","","","","","","","","","","","","","","","","","","","","","","","byte/cycle","Gbyte/s","byte/cycle","Gbyte/s","byte/cycle","Gbyte/s","byte/cycle","Gbyte/s","Gbyte","%","Gbyte/s","Mbyte","%","Gbyte/s","cycle","%","cycle","%","cycle","%","cycle","%","cycle","Ghz","cycle","Ghz","cycle","Ghz","cycle","Ghz","sector","sector","%","%","%","%","%","request","%","request","%","sector","%","cycle","Ghz","cycle","Ghz","cycle","Ghz","cycle","Ghz","%","%","%","%","%","%","%","%","%","%","%","%","%","%","%","%","%","%","%","%","%","%","%","%","ms","ms","ms","ms","%","%","%","%","%","","%","inst","cycle","cycle","cycle","cycle","cycle","Ghz","cycle","Ghz","cycle","Ghz","cycle","Ghz","","","","","%","%","%","%","%","%","%","%","%","%","%","%","","%","","%","","%","","%","%","%","%","%","%","%","%","%","%","%","%","%","","Mhz","","Mhz","","Mhz","cycle","%","","Ghz","%","%","%","%","%","%","%","%","Gbyte","%","Tbyte/s","sector","%","sector","%","sector","%","sector","%","sector","%","sector","%","Gbyte","%","Gbyte/s","%","%","%","%","sector","%","sector","%","sector","%","sector","%","sector","%","","%","","%","","%","","%","","%","","%","","%","","%","","%","","%","","%","","%","","%","","%","","%","","%","","%","","%","","%","","%","","%","","%","%","%","%","%","%","%","%","%","%","%","%","%","sector","sector","sector","sector","sector","sector","sector","sector","sector","sector","sector","sector","sector","sector","sector","sector","sector","sector","sector","sector","sector","sector","sector","sector","sector","sector","sector","sector","sector","sector","sector","sector","sector","%","%","%","cycle","%","%","%","%","%","%","%","%","%","%","%","%","%","","block","block","block","","","","","","","","","","","block","block","block","block","","","","Mbyte","register/thread","register/thread","Kbyte","Kbyte/block","Kbyte/block","Kbyte/block","byte/block","byte/block","SM","","","thread","","","","","","","","","%","","cycle","cycle","cycle","cycle","cycle","Ghz","cycle","Ghz","cycle","Ghz","cycle","Ghz","%","%","%","%","%","%","%","%","%","%","%","%","%","%","%","%","sector","sector","sector","sector","%","sector/s","sector","%","sector/s","%","","Mhz","%","","Mhz","%","","Mhz","%","","Ghz","request","request","request","request","request","request","request","request","%","%","%","sector","%","sector/cycle","sector/cycle","sector","%","sector","%","sector","%","sector/ns","sector","sector","sector","%","sector/cycle","sector/cycle","sector","sector/us","sector","sector","sector","sector","sector","sector","sector","sector","sector","sector","%","sector/cycle","sector/cycle","sector","sector/ms","sector","sector","sector","sector","sector","%","sector/cycle","sector/cycle","%","%","sector","%","sector/ns","sector","sector","sector","sector","sector","sector","sector","sector","sector","sector","sector","%","sector/s","sector","sector","sector","%","sector/s","sector","%","sector/s","sector","sector","%","sector/s","sector","sector","sector","sector","sector","sector","%","sector/s","sector","sector","sector","%","sector/s","sector","%","sector/s","sector","sector","%","sector/s","sector","sector","sector","sector","sector","sector","sector","sector","sector","sector","sector","sector","sector","sector","%","sector/cycle","sector/cycle","sector","sector/s","sector","sector","%","sector/cycle","sector/cycle","sector","sector/s","sector","sector","sector","sector","sector","sector","sector","sector","%","sector/cycle","sector/cycle","sector","sector/ns","sector","sector","sector","sector","sector","sector","sector","sector","sector","sector","%","sector/cycle","sector/cycle","sector","sector/s","sector","sector","%","sector/cycle","sector/cycle","sector","sector/ns","sector","sector","sector","sector","sector","sector","sector","sector","sector","sector","%","%","%","%","%","%","%","%","%","%","%","%","","","sectors","sectors","sectors","sectors","sectors","sectors","","","","","","","","","","","","","","","","","","","","","","","","byte","byte","Kbyte/s","Kbyte/s","Kbyte/s","Kbyte/s","Mbyte/s","Mbyte/s","Mbyte/s","Mbyte/s","%","%","","Mbyte","","","us","sample","","Gbyte","Gbyte","Gbyte","Gbyte","Gbyte","Gbyte","Gbyte","Gbyte","pass","pass","","","","","inst","inst","inst","inst","","","","","inst","inst","inst","inst","inst","inst","inst","","","","","cycle","cycle","cycle","cycle","cycle","Ghz","cycle","Ghz","cycle","Ghz","cycle","Ghz","%","cycle","%","%","inst/cycle","inst/cycle","%","inst/cycle","inst/cycle","%","inst/cycle","inst/cycle","%","inst/cycle","inst/cycle","%","%","%","%","%","%","%","%","%","%","%","%","%","%","%","%","%","%","%","%","%","%","%","%","%","%","%","%","%","%","%","%","%","%","%","%","%","%","%","%","%","%","%","%","%","%","%","%","%","%","%","%","%","%","%","%","%","%","%","%","%","%","%","%","%","%","%","%","%","%","%","%","%","%","%","%","%","%","%","%","%","%","%","%","%","%","%","%","%","%","%","%","%","%","%","inst/cycle","%","inst/cycle","%","inst/cycle","%","inst/cycle","%","%","%","%","%","%","%","%","%","%","%","%","warp","%","%","%","%","%","%","%","%","%","%","%","%","%","%","%","%","%","%","%","%","%","%","%","%","%","","%","","","","","","%","","","","","","%","","","","","","%","","","","","","%","","","","","","%","","","","","","%","","","","","","%","","","","","","%","","","","","","%","","","","","","%","","","","","","%","","","","","","%","","","","","","%","","","","","","%","","","","","","%","","","","","","%","","","","","","%","","","","","","%","","","","","","%","","","","","","%","","","","","","%","","","","","","%","","","","","","%","","","","","","%","","","","","","%","","","","","","%","","","","","","%","","","","","","%","","","","","","%","","","","","","%","","","","","","%","","","","","","%","","","","","","%","","","","","","%","","","","","","%","","","","","","%","","","","","","%","","","","","","%","","","","","","%","","","","","","%","","","","","","%","","","","","","%","","","","","","%","","","","","","%","","","","","","%","","","","","","%","","","","","","%","","","","","","%","","","","","","%","","","","","","%","","","","","","%","","","","","","%","","","","","","%","","","","","","%","","","","","","%","","","","","","%","","","","","","%","","","","","","%","","","","","","%","","","","","","%","","","","","","%","","","","","","%","","","","","","%","","","","","%","%","%","%","%","%","%","%","%","%","%","%","%","%","%","%","%","%","%","%","%","%","%","%","%","%","%","%","%","%","%","%","%","%","%","%","%","%","%","%","%","inst","inst","byte","%","byte/s","","%","","","sector","%","sector/s","sector","%","inst/cycle","inst/cycle","inst/cycle","inst/cycle","inst/cycle","inst/cycle","inst/cycle","inst/cycle","inst/cycle","inst/cycle","inst/cycle","inst/cycle","%","%","%","%","%","warp","%","warp","%","warp","%","warp","cycle","cycle","inst","inst","inst","inst","inst","inst","inst","inst","inst","inst","inst","inst","inst","inst","inst","inst","inst","inst","branches","cycle","cycle","cycle","cycle","cycle","Ghz","cycle","Ghz","cycle","Ghz","cycle","Ghz","%","cycle","%","inst","inst","inst","inst","inst","inst","inst","inst","inst","%","inst","%","inst","%","inst","%","inst","%","inst","%","inst","%","inst","%","inst","%","inst","%","inst","%","inst","%","inst","inst","inst","inst","%","","%","","%","","%","","%","%","%","%","warp","pass","Mbyte","byte","","cycle","","warp","warp","branches","branches","warp","warp","warp","warp","warp","warp","warp","warp","warp","warp","warp","warp","warp","warp","warp","warp","warp","warp","inst","inst","warp","warp","warp","warp","warp","warp","warp","warp","warp","warp","warp","warp","%","byte/sector","byte/sector","byte/sector","byte/sector","byte/sector","byte/sector","byte/sector","byte/sector","branches","branches","branches","branches","","inst","inst","inst","inst","inst","inst","inst","inst","inst","inst","inst","inst","","","","%","","%","","%","sector","%","inst/cycle","inst/cycle","inst/cycle","inst/cycle","inst/cycle","inst/cycle","inst/cycle","inst/cycle","inst/cycle","inst/cycle","inst/cycle","inst/cycle","inst/cycle","inst/cycle","inst/cycle","inst/cycle","inst/cycle","inst/cycle","inst/cycle","inst/cycle","inst/cycle","inst/cycle","inst/cycle","inst/cycle","inst/cycle","inst/cycle","inst/cycle","inst/cycle","inst/cycle","inst/cycle","inst/cycle","inst/cycle","inst/cycle","inst/cycle","inst/cycle","inst/cycle","","","warp","warp","warp","warp","warp","warp","warp","warp","warp","warp","warp","warp","inst","inst"
"0","19582","onpair-chunk-bench","127.0.0.1","onpair_u64","1","14","(64, 1, 1)","(29291, 1, 1)","0","8.9","","","","29291.000000","","","1523067.63","618809.147887","13112809.521127","1508.804791","","11.640321","","4.039532","0","143701.564038","20405622.093349","0","0","2802","2624","8160.000000","461","18176","906425499544.87","0","0","3.072000","94.755252","0","0","514.087568","5270.000000","10876.000000","1.176000","568.000000","36352.000000","36352.000000","0.103457","0","0","0","0","0","93780706","906471206","0","0","nan","0","400","2","0","1","1","1","1","1","1","1","1","402","2520000","0","8","9","0","1","1","1","No-CC","1","1","1","0","0","NVIDIA L40S","1","1","384","6","1","1","384","1","1","1","0","1","649662686","9913","32000","16","3","3","16000","16","161","407965918","1","1","0","0","0","0","1","402","0","1","0","100663296","48","24","71","1","1","134213632","1024","1024","64","24","2520000","2147483647","65535","65535","4","1","9001000","69206016","2147483647","65536","65536","255","49152","101376","102400","1024","1536","48","12","2048","32768","32768","65536","32768","2048","32768","131072","16384","16384","16384","2046","32768","32768","2048","32768","268435456","32768","131072","32768","32768","65536","32768","2048","32768","65000","2097120","131072","32768","32768","131072","16384","32768","16384","8192","16384","8192","2046","32768","32768","1","9001000","1","9","0","0","0","0","142","8","4","1","0","0","0","141","0","0","1","17","1024","8","64","1","1","512","0","0","512","32","65536","47665709056","1","0","1","32","8.000000","15.773486","8.000000","15.786386","8.000000","15.754473","96.000000","189.281836","1.457745","13.608009","117.468261","891.184640","8.319181","71.813575","24468021.333333","21.927190","24488032.000000","21.945122","24438528.000000","21.900759","293616256.000000","21.927190","111587584.000000","8.991968","111587840.000000","8.991988","111587328.000000","8.991947","1339051008.000000","107.903611","45554544.000000","27849520.000000","17.358881","17.365971","17.351936","17.358881","79.798192","2194.000000","0.002767","2485.000000","0.003134","3072.000000","0.001937","13216264.000000","1.064995","13216265.000000","1.064995","13216262.000000","1.064995","158595168.000000","12.779940","32.608051","32.628816","32.580411","32.608051","26.079167","26.125385","26.043480","26.079167","86.414381","86.472497","86.357935","86.414381","0","0","0","0","86.414381","86.472497","86.357935","86.414381","21.927190","21.945122","21.900759","21.927190","12.409696","12.409696","12.409696","12.409696","0","0","0","0","0","0","0","906440142","13113697.957746","13214141.000000","12984024.000000","1862145110.000000","13216263.985915","1.064995","13216265.000000","1.064995","13216262.000000","1.064995","1876709486.000000","151.229288","0","0","0","0","1.849830","2.063678","1.794806","1.849830","0.931314","1.039702","0.903138","0.931314","11.523047","12.896247","11.185688","11.523047","58582","0.003122","0","0","0","0","0","0","0","0","0","0","0","0","0","0","4.682520","5.219599","4.516496","4.682520","1","49.869361","1","56.150610","1","48.316252","87878632.000000","4.682591","142","7.081449","14.588658","16.267986","14.284945","14.588658","38.894493","43.414168","37.529887","38.894493","16.443087","27.380181","1.325019","0","0","0","0","513846459.000000","27.380181","0","0","0","0","0","0","1.175449","1.957298","94.720237","1.957298","2.167050","1.895642","1.957298","0","0","36732499.000000","1.957282","0","0","0","0","0","0","0","0","77458075","4.127334","0","0","84445136","4.499638","0","0","0","0","0","0","0","0","0","0","0","0","0","0","0","0","76852649","4.095074","0","0","59982131","3.196133","0","0","0","0","0","0","0","0","0","0","0","0","0","0","92.373170","0","80.009615","0","96.789835","0","0","0","0","0","0","0","0","0","0","183744172.000000","147013005.000000","36731167.000000","0","0","0","514804822.000000","498278737.000000","16526085.000000","0","0","0","0","0","0","0","0","0","0","0","0","0","0","0","0","0","0","0","0","0","0","0","0","0","0","0.000091","0.000091","0.000091","0.000091","77.788986","77.788986","86.773342","86.773342","75.248088","75.248088","77.788986","77.788986","0","64","1","1","64","1","0","CachePreferNone","1","29291","1","1","29291","","24.000000","24.000000","32.000000","24.000000","2540","5264","576","18.874368","34","40.000000","32.768000","1.024000","1.024000","1.024000","0","0","142","1024","14","1874624","71","all","0","0","0","0","0","8.59","0","0","17545846.104167","17556003.000000","17536688.000000","842200613.000000","17619239.000000","1.419796","17619239.000000","1.419796","17619239.000000","1.419796","845723472.000000","68.150217","0","0","0","0","18.025594","18.036534","18.009586","18.025594","4.247708","4.255797","4.242521","4.247708","0.000000","0.000011","0","0.000000","0","0","0","0","0","0","0","0","0","2.172481","2","61.689617","2.195475","2","62.342542","2.168320","2","61.571452","2.172481","96","2.961102","220976494.000000","768.000000","220538793.000000","0","0","12802511.000000","0","207740200.000000","93.485606","4.796706","99.812912","11490581.020833","32.608051","2.000000","0.652161","11497898.000000","32.628816","11480841.000000","32.580411","551547889.000000","32.608051","44.444915","35929987.000000","0","2.000000","0.014063","8.000000","0.001125","951470.000000","76.671499","6853.000000","951465.000000","0","0","0","0","515601690.000000","35927519.000000","515617885.000000","35928637.000000","0.000363","1.000000","0.000004","3072.000000","247.548369","243.000000","0","0","2829.000000","243.000000","32.550767","2.000000","0.651015","32.572718","32.522596","550578958.000000","32.550767","44.366837","34978261.000000","0","0","34978284.000000","0","7.000000","0","0","0","0","0","0","0","0","0","0","0","0","0","0","0","0","0","0","0","0","0","0","0","0","0","0","0","0","0","0","0","0","0","0","0","0","0","0","0","0","0","0","0","0","0","0","515604374.000000","34978277.000000","515595928.000000","728714.104167","728805.000000","728656.000000","34978277.000000","0","1.000000","0","0","0","0","0","0","1.000000","0","0","0","0","0","0","0","0","0","0","0","2.171828","2.000000","0.043437","36735321.000000","2.960211","0","0","0","0","0","0","1754831.000000","34978270.000000","1754831.000000","34978234.000000","0","1.000000","0","0","0","0","0","60.757782","1.000000","0.607578","513842825.000000","41.406560","0","0","0","0","0","0","513845324.000000","11.000000","513845324.000000","11.000000","26.128473","26.172952","26.097030","26.128473","86.414381","86.472497","86.357935","86.414381","86.414381","86.472497","86.357935","86.414381","0","0","323681241","0","0","698548994","184461426","0","0","1","1","1","1","0","0","0","0","0","0","0","0","1","0","0","0","0","0","0","0","0","0","0","0","0.000000","0.000000","0.000000","0.000000","2.970580","2.970580","2.970580","2.970580","0","0","0","55.967744","1","1","4.000000","0","2","1.887437","1.887437","1.887437","81.159797","1.887437","1.887437","1.887437","81.159797","43.000000","0","1","1","1","1","76852649.000000","59982131.000000","0","0","906440142","906440142","906440142","906440142","0","no data","no data","0","0","0","0","13291769940","13291769940","13291769940","13291769940","13113697.957746","13214141.000000","12984024.000000","1862145110.000000","13216263.985915","1.064995","13216265.000000","1.064995","13216262.000000","1.064995","1876709486.000000","151.229288","83.558469","17693.000000","0.001886","12.075273","0.486789","0.483011","13.465297","0.542825","0.538612","11.823877","0.476654","0.472955","12.075273","69.123996","68.587553","0.006292","0.006243","0.007016","0.006961","0.006161","0.006114","0.006292","0.006243","11.937787","11.845143","13.195759","13.093352","11.574527","11.484702","11.937787","11.845143","0.328716","0.326165","0.363357","0.360537","0.318709","0.316235","0.328716","0.326165","1.204908","1.331950","1.168189","1.204908","2.071378","2.055303","2.289669","2.271900","2.008255","1.992670","2.071378","2.055303","0","0","0","0","0","0","0","0","0","0","0","0","0","0","0","0","0","0","0","0","0","0","14.702760","14.588658","16.537486","16.409146","14.255323","14.144693","14.702760","14.588658","0","0","0","0","0","0","0","0","0","0","0","0","1.862223","1.847771","2.076588","2.060473","1.805745","1.791732","1.862223","1.847771","0","0","0","0","0","0","0","0","12.077147","0.486864","13.467278","0.542904","11.710891","0.472099","12.077147","69.134720","12.077147","13.467278","11.823877","12.077147","0","0","0","0","12.077147","13.467278","11.710891","12.077147","48.000000","100.000000","14.588658","16.409146","14.144693","14.588658","0","0","0","0","2.337012","2.634769","2.240811","2.337012","4.864967","5.472036","4.716936","4.864967","3.980573","4.468419","3.849946","3.980573","3.203687","3.603734","3.105545","3.203687","0","0","1024","1090554863034.31","0","0","0","0","1024","1090554863034.31","0","0","0","0","1024","1090554863034.31","0","0","0","0","145408","154858790550872.47","0","0","0","0","2048","2181109726068.63","0","0","0","0","2048","2181109726068.63","0","0","0","0","2048","2181109726068.63","0","0","0","0","290816","309717581101744.94","0","0","0","0","1024","1090554863034.31","0","0","0","0","1024","1090554863034.31","0","0","0","0","1024","1090554863034.31","0","0","0","0","145408","154858790550872.47","0","0","0","0","2048","2181109726068.63","0","0","0","0","2048","2181109726068.63","0","0","0","0","2048","2181109726068.63","0","0","0","0","290816","309717581101744.94","0","0","0","0","1024","1090554863034.31","0","0","0","0","1024","1090554863034.31","0","0","0","0","1024","1090554863034.31","0","0","0","0","145408","154858790550872.47","0","0","0","0","2048","2181109726068.63","0","0","0","0","2048","2181109726068.63","0","0","0","0","2048","2181109726068.63","0","0","0","0","290816","309717581101744.94","0","0","0","0","3.61","3839981912.09","0","0","0","0","3.61","3839981912.09","0","0","0","0","3.61","3839981912.09","0","0","0","0","512","545277431517.16","0","0","0","0","2048","2181109726068.63","0","0","0","0","2048","2181109726068.63","0","0","0","0","2048","2181109726068.63","0","0","0","0","290816","309717581101744.94","0","0","0","0","4096","4362219452137.25","0","0","0","0","4096","4362219452137.25","0","0","0","0","4096","4362219452137.25","0","0","0","0","581632","619435162203489.88","0","0","0","0","16384","17448877808549.01","0","0","0","0","16384","17448877808549.01","0","0","0","0","16384","17448877808549.01","0","0","0","0","2326528","2477740648813959.50","0","0","0","0","4096","4362219452137.25","0","0","0","0","4096","4362219452137.25","0","0","0","0","4096","4362219452137.25","0","0","0","0","581632","619435162203489.88","0","0","0","0","8192","8724438904274.51","0","0","0","0","8192","8724438904274.51","0","0","0","0","8192","8724438904274.51","0","0","0","0","1163264","1238870324406979.75","0","0","0","0","2048","2181109726068.63","0","0","0","0","2048","2181109726068.63","0","0","0","0","2048","2181109726068.63","0","0","0","0","290816","309717581101744.94","0","0","0","0","4096","4362219452137.25","0","0","0","0","4096","4362219452137.25","0","0","0","0","4096","4362219452137.25","0","0","0","0","581632","619435162203489.88","0","0","0","0","512","545277431517.16","0","0","0","0","512","545277431517.16","0","0","0","0","512","545277431517.16","0","0","0","0","72704","77429395275436.23","0","0","0","0","1024","1090554863034.31","0","0","0","0","1024","1090554863034.31","0","0","0","0","1024","1090554863034.31","0","0","0","0","145408","154858790550872.47","0","0","11.937787","11.845143","13.195759","13.093352","11.574527","11.484702","11.937787","11.845143","2.124068","2.107584","2.368621","2.350239","2.060447","2.044456","2.124068","2.107584","4.215169","4.700477","4.088913","4.215169","0","0","0","0","0","0","0","0","0","0","0","0","0","0","0","0","0","0","0","0","0","0","0","0","0","0","0","0","0","0","0","0","0","0","0","2.000000","2.000000","2.000000","284.000000","128.000000","128.000000","128.000000","18176.000000","64.000000","64.000000","64.000000","9088.000000","14.588658","16.409146","14.144693","14.588658","97.164097","46.638767","97.861023","46.973291","96.172540","46.162819","97.164097","6622.704872","95.862975","95.877847","0","0.360617","0.004788","0.025417","0.000665","35.468791","55.299080","0.037042","0","0.086136","0.000322","0.156799","0.634729","1.000000","0.020129","0","0","2.778215","7497313","13155669.568662","13229618.000000","12989761.000000","7472420315.000000","13216263.985915","1.064995","13216265.000000","1.064995","13216262.000000","1.064995","7506837944.000000","604.917151","99.997470","217792060.000000","2.901249","1595900.010563","1779625.000000","1562199.000000","906471206.000000","165106.876761","184115.000000","158492.000000","93780706.000000","0","0","0","0","0","0","0","0","0","0","0","0","0","0","0","0","0","0","0","0","0","0","0","0","1596147.589789","1779911.000000","1547735.000000","906611831.000000","12.132773","0.12","13.529612","0.14","11.764776","0.12","12.132773","68.91","87.867227","87.032492","86.974106","87.867227","12.000000","2","33.554432","0","7","4096.000000","454756","0","0","1786","1600","22","9","101","92","0","0","163278","147519","266561","237129","187","116","0","0","407","386","2","2","779","684","2877","0","4994","0","99","90","0","0","0","0","13663","11635","90.469733","32.000000","9.987631","32.000000","1.602065","32.000000","0","32.000000","0","13199.494718","14591.000000","12286.000000","7497313.000000","0","0","0","0","0","0","0","76852649.000000","59982131.000000","0","0","0","0","0","0","0","0","0","0","0","0","0","0","0","0","0","0","0","0","0","0","0","0","0","0","0","0","0","0","0","0","0","0","0","0","0","0","0","0","0","0","0","0","0","0","0","0","0","0","15.06","14.66","12.000000","11.630838","12.000000","11.740435","12.000000","11.495369","6816.000000","6606.315756","0.198301","0.223173","0.191208","112.634685","13651678644","13291769940"
"1","19582","onpair-chunk-bench","127.0.0.1","onpair_u64","1","14","(64, 1, 1)","(29291, 1, 1)","0","8.9","","","","29291.000000","","","1523368.25","618866.056338","12999912.894366","1508.567901","","11.733230","","4.071773","0","142505.431146","20235771.222721","0","0","2802","2624","8160.000000","461","18176","915908841470.56","0","0","3.072000","95.742875","0","0","514.087568","5270.000000","10876.000000","1.176000","568.000000","36352.000000","36352.000000","0.103457","0","0","0","0","0","93780706","906471206","0","0","nan","0","400","2","0","1","1","1","1","1","1","1","1","402","2520000","0","8","9","0","1","1","1","No-CC","1","1","1","0","0","NVIDIA L40S","1","1","384","6","1","1","384","1","1","1","0","1","649662686","9913","32000","16","3","3","16000","16","161","407965918","1","1","0","0","0","0","1","402","0","1","0","100663296","48","24","71","1","1","134213632","1024","1024","64","24","2520000","2147483647","65535","65535","4","1","9001000","69206016","2147483647","65536","65536","255","49152","101376","102400","1024","1536","48","12","2048","32768","32768","65536","32768","2048","32768","131072","16384","16384","16384","2046","32768","32768","2048","32768","268435456","32768","131072","32768","32768","65536","32768","2048","32768","65000","2097120","131072","32768","32768","131072","16384","32768","16384","8192","16384","8192","2046","32768","32768","1","9001000","1","9","0","0","0","0","142","8","4","1","0","0","0","141","0","0","1","17","1024","8","64","1","1","512","0","0","512","32","65536","47665709056","1","0","1","32","8.000000","15.942111","8.000000","15.954098","8.000000","15.918993","96.000000","191.305336","1.458042","13.753768","118.726574","891.315968","8.407818","72.578762","24472480.000000","22.161586","24490880.000000","22.178248","24436992.000000","22.129449","293669760.000000","22.161586","110427477.333333","8.991974","110427648.000000","8.991987","110427136.000000","8.991946","1325129728.000000","107.903682","45563816.000000","27853624.000000","17.397941","17.407547","17.382216","17.397941","80.470885","2239.000000","0.002853","2485.000000","0.003167","3072.000000","0.001957","13078864.000000","1.064996","13078870.000000","1.064996","13078862.000000","1.064996","156946368.000000","12.779950","32.675395","32.698488","32.650168","32.675395","26.132836","26.179259","26.101780","26.132836","86.592922","86.651838","86.537016","86.592922","0","0","0","0","86.592922","86.651838","86.537016","86.592922","22.161586","22.178248","22.129449","22.161586","12.280672","12.280672","12.280672","12.280672","0","0","0","0","0","0","0","906440142","13011472.584507","13076907.000000","12921067.000000","1847629107.000000","13078864.028169","1.064996","13078870.000000","1.064996","13078862.000000","1.064996","1857198692.000000","151.229403","0","0","0","0","1.869261","2.068536","1.828015","1.869261","0.941112","1.041174","0.920110","0.941112","11.646521","12.941300","11.378014","11.646521","58582","0.003154","0","0","0","0","0","0","0","0","0","0","0","0","0","0","4.731958","5.278631","4.586216","4.731958","1","50.391111","1","55.707131","1","48.834054","87874813.000000","4.731578","142","7.155538","14.741919","16.439042","14.293290","14.741919","39.303226","43.855055","38.109464","39.303226","16.443012","27.667698","1.338934","0","0","0","0","513844121.000000","27.667698","0","0","0","0","0","0","1.175395","1.977769","95.710966","1.977769","2.223251","1.915939","1.977769","0","0","36731179.000000","1.977773","0","0","0","0","0","0","0","0","77458075","4.170694","0","0","84445136","4.546909","0","0","0","0","0","0","0","0","0","0","0","0","0","0","0","0","76852649","4.138095","0","0","59982131","3.229710","0","0","0","0","0","0","0","0","0","0","0","0","0","0","92.377849","0","80.009268","0","96.788357","0","0","0","0","0","0","0","0","0","0","183744172.000000","147012367.000000","36731805.000000","0","0","0","514804822.000000","498271128.000000","16533694.000000","0","0","0","0","0","0","0","0","0","0","0","0","0","0","0","0","0","0","0","0","0","0","0","0","0","0","0.000092","0.000092","0.000092","0.000092","78.606452","78.606452","87.702938","87.702938","76.431638","76.431638","78.606452","78.606452","0","64","1","1","64","1","0","CachePreferNone","1","29291","1","1","29291","","24.000000","24.000000","32.000000","24.000000","2540","5264","576","18.874368","34","40.000000","32.768000","1.024000","1.024000","1.024000","0","0","142","1024","14","1874624","71","all","0","0","0","0","0","8.59","0","0","17602306.708333","17610024.000000","17593847.000000","844910722.000000","17582885.000000","1.431753","17582885.000000","1.431753","17582885.000000","1.431753","843978480.000000","68.724128","0","0","0","0","18.063007","18.075668","18.049677","18.063007","4.256722","4.262964","4.251743","4.256722","0.000000","0.000011","0","0.000000","0","0","0","0","0","0","0","0","0","2.176794","2","62.332601","2.199946","2","62.995575","2.171842","2","62.190815","2.176794","96","2.991965","220989917.000000","768.000000","220556976.000000","0","0","12829076.000000","0","207741167.000000","93.484453","4.778101","99.813780","11490554.250000","32.675395","2.000000","0.653508","11498675.000000","32.698488","11481683.000000","32.650168","551546604.000000","32.675395","44.911761","35937607.000000","0","2.000000","0.014044","8.000000","0.001124","948245.000000","77.214423","7719.000000","959116.000000","0","0","0","0","515614911.000000","35934159.000000","515610325.000000","35945207.000000","0.000364","1.000000","0.000004","3072.000000","250.149178","243.000000","0","0","2829.000000","243.000000","32.617852","2.000000","0.652357","32.637750","32.592385","550575300.000000","32.617852","44.832669","34978302.000000","0","0","34978262.000000","0","7.000000","0","0","0","0","0","0","0","0","0","0","0","0","0","0","0","0","0","0","0","0","0","0","0","0","0","0","0","0","0","0","0","0","0","0","0","0","0","0","0","0","0","0","0","0","0","0","515595638.000000","34978283.000000","515604661.000000","728714.229167","728798.000000","728657.000000","34978283.000000","0","1.000000","0","0","0","0","0","0","1.000000","0","0","0","0","0","0","0","0","0","0","0","2.175943","2.000000","0.043519","36728989.000000","2.990796","0","0","0","0","0","0","1759220.000000","34978256.000000","1759220.000000","34978242.000000","0","1.000000","0","0","0","0","0","60.883807","1.000000","0.608838","513846231.000000","41.841866","0","0","0","0","0","0","513844914.000000","20.000000","513844914.000000","20.000000","26.183546","26.225082","26.153734","26.183546","86.592922","86.651838","86.537016","86.592922","86.592922","86.651838","86.537016","86.592922","0","0","323681241","0","0","698548994","184461426","0","0","1","1","1","1","0","0","0","0","0","0","0","0","1","0","0","0","0","0","0","0","0","0","0","0","0.000000","0.000000","0.000000","0.000000","3.001790","3.001790","3.001790","3.001790","0","0","0","55.640064","1","1","4.000000","0","2","1.887437","1.887437","1.887437","81.159797","1.887437","1.887437","1.887437","81.159797","43.000000","0","1","1","1","1","76852649.000000","59982131.000000","0","0","906440142","906440142","906440142","906440142","0","no data","no data","0","0","0","0","13291769940","13291769940","13291769940","13291769940","13011472.584507","13076907.000000","12921067.000000","1847629107.000000","13078864.028169","1.064996","13078870.000000","1.064996","13078862.000000","1.064996","1857198692.000000","151.229403","83.410424","17728.000000","0.001909","12.202130","0.490613","0.488085","13.606874","0.547094","0.544275","11.830804","0.475683","0.473232","12.202130","69.667073","69.308099","0.006341","0.006309","0.007071","0.007034","0.006148","0.006117","0.006341","0.006309","12.031577","11.969582","13.533153","13.463421","11.666105","11.605993","12.031577","11.969582","0.331299","0.329592","0.372640","0.370720","0.321232","0.319577","0.331299","0.329592","1.217564","1.369500","1.180523","1.217564","2.087652","2.076895","2.348256","2.336157","2.024246","2.013816","2.087652","2.076895","0","0","0","0","0","0","0","0","0","0","0","0","0","0","0","0","0","0","0","0","0","0","14.818273","14.741919","16.380498","16.296094","14.367474","14.293443","14.818273","14.741919","0","0","0","0","0","0","0","0","0","0","0","0","1.876853","1.867183","2.074723","2.064032","1.837936","1.828465","1.876853","1.867183","0","0","0","0","0","0","0","0","12.204021","0.490689","13.490642","0.542421","11.950940","0.480514","12.204021","69.677867","12.204021","13.606874","11.950940","12.204021","0","0","0","0","12.204021","13.490642","11.950940","12.204021","48.000000","100.000000","14.741919","16.296094","14.293443","14.741919","0","0","0","0","2.361794","2.654175","2.287492","2.361794","4.916076","5.434376","4.766520","4.916076","4.022354","4.411606","3.858844","4.022354","3.237343","3.547640","3.107082","3.237343","0","0","1024","1090555693112.32","0","0","0","0","1024","1090555693112.32","0","0","0","0","1024","1090555693112.32","0","0","0","0","145408","154858908421949.53","0","0","0","0","2048","2181111386224.64","0","0","0","0","2048","2181111386224.64","0","0","0","0","2048","2181111386224.64","0","0","0","0","290816","309717816843899.06","0","0","0","0","1024","1090555693112.32","0","0","0","0","1024","1090555693112.32","0","0","0","0","1024","1090555693112.32","0","0","0","0","145408","154858908421949.53","0","0","0","0","2048","2181111386224.64","0","0","0","0","2048","2181111386224.64","0","0","0","0","2048","2181111386224.64","0","0","0","0","290816","309717816843899.06","0","0","0","0","1024","1090555693112.32","0","0","0","0","1024","1090555693112.32","0","0","0","0","1024","1090555693112.32","0","0","0","0","145408","154858908421949.53","0","0","0","0","2048","2181111386224.64","0","0","0","0","2048","2181111386224.64","0","0","0","0","2048","2181111386224.64","0","0","0","0","290816","309717816843899.06","0","0","0","0","3.61","3839984834.90","0","0","0","0","3.61","3839984834.90","0","0","0","0","3.61","3839984834.90","0","0","0","0","512","545277846556.16","0","0","0","0","2048","2181111386224.64","0","0","0","0","2048","2181111386224.64","0","0","0","0","2048","2181111386224.64","0","0","0","0","290816","309717816843899.06","0","0","0","0","4096","4362222772449.28","0","0","0","0","4096","4362222772449.28","0","0","0","0","4096","4362222772449.28","0","0","0","0","581632","619435633687798.12","0","0","0","0","16384","17448891089797.13","0","0","0","0","16384","17448891089797.13","0","0","0","0","16384","17448891089797.13","0","0","0","0","2326528","2477742534751192.50","0","0","0","0","4096","4362222772449.28","0","0","0","0","4096","4362222772449.28","0","0","0","0","4096","4362222772449.28","0","0","0","0","581632","619435633687798.12","0","0","0","0","8192","8724445544898.57","0","0","0","0","8192","8724445544898.57","0","0","0","0","8192","8724445544898.57","0","0","0","0","1163264","1238871267375596.25","0","0","0","0","2048","2181111386224.64","0","0","0","0","2048","2181111386224.64","0","0","0","0","2048","2181111386224.64","0","0","0","0","290816","309717816843899.06","0","0","0","0","4096","4362222772449.28","0","0","0","0","4096","4362222772449.28","0","0","0","0","4096","4362222772449.28","0","0","0","0","581632","619435633687798.12","0","0","0","0","512","545277846556.16","0","0","0","0","512","545277846556.16","0","0","0","0","512","545277846556.16","0","0","0","0","72704","77429454210974.77","0","0","0","0","1024","1090555693112.32","0","0","0","0","1024","1090555693112.32","0","0","0","0","1024","1090555693112.32","0","0","0","0","145408","154858908421949.53","0","0","12.031577","11.969582","13.533153","13.463421","11.666105","11.605993","12.031577","11.969582","2.140756","2.129726","2.346237","2.334148","2.096262","2.085460","2.140756","2.129726","4.259451","4.668295","4.170920","4.259451","0","0","0","0","0","0","0","0","0","0","0","0","0","0","0","0","0","0","0","0","0","0","0","0","0","0","0","0","0","0","0","0","0","0","0","2.000000","2.000000","2.000000","284.000000","128.000000","128.000000","128.000000","18176.000000","64.000000","64.000000","64.000000","9088.000000","14.741919","16.296094","14.293443","14.741919","97.144437","46.629330","97.862690","46.974091","96.559495","46.348558","97.144437","6621.364847","95.368646","95.383422","0","0.360624","0.004803","0.025255","0.000658","35.261968","55.045011","0.037133","0","0.085716","0.000319","0.156849","0.635019","1.000000","0.020042","0","0","2.778230","7497313","13046714.823944","13127224.000000","12937923.000000","7410534020.000000","13078864.028169","1.064996","13078870.000000","1.064996","13078862.000000","1.064996","7428794768.000000","604.917611","99.997557","217792060.000000","2.931728","1595900.010563","1779625.000000","1547200.000000","906471206.000000","165106.876761","184115.000000","160076.000000","93780706.000000","0","0","0","0","0","0","0","0","0","0","0","0","0","0","0","0","0","0","0","0","0","0","0","0","1596147.271127","1764442.000000","1562692.000000","906611650.000000","12.234093","0.12","13.524033","0.14","11.977667","0.12","12.234093","69.49","87.765907","87.093051","87.188470","87.765907","12.000000","2","33.554432","0","7","4096.000000","451963","0","0","1783","1578","21","11","126","106","21","20","163858","148016","263097","233771","181","104","0","0","391","358","3","3","766","660","2919","0","5002","0","101","95","0","0","0","0","13694","11724","90.469733","32.000000","9.987631","32.000000","1.602065","32.000000","0","32.000000","0","13199.494718","14592.000000","12283.000000","7497313.000000","0","0","0","0","0","0","0","76852649.000000","59982131.000000","0","0","0","0","0","0","0","0","0","0","0","0","0","0","0","0","0","0","0","0","0","0","0","0","0","0","0","0","0","0","0","0","0","0","0","0","0","0","0","0","0","0","0","0","0","0","0","0","0","0","15.06","14.66","12.000000","11.667489","12.000000","11.774376","12.000000","11.528365","6816.000000","6627.133862","0.200067","0.226077","0.192977","113.637829","13651678644","13291769940"
"2","19582","onpair-chunk-bench","127.0.0.1","onpair_u64","1","14","(64, 1, 1)","(29291, 1, 1)","0","8.9","","","","29291.000000","","","1523054.81","618852.225352","13129795.105634","1510.179077","","11.640321","","4.039533","0","143906.235209","20434685.399675","0","0","2802","2624","8160.000000","461","18176","904494153491.44","0","0","3.072000","94.570369","0","0","514.087568","5270.000000","10876.000000","1.176000","568.000000","36352.000000","36352.000000","0.103457","0","0","0","0","0","93780706","906471206","0","0","nan","0","400","2","0","1","1","1","1","1","1","1","1","402","2520000","0","8","9","0","1","1","1","No-CC","1","1","1","0","0","NVIDIA L40S","1","1","384","6","1","1","384","1","1","1","0","1","649662686","9913","32000","16","3","3","16000","16","161","407965918","1","1","0","0","0","0","1","402","0","1","0","100663296","48","24","71","1","1","134213632","1024","1024","64","24","2520000","2147483647","65535","65535","4","1","9001000","69206016","2147483647","65536","65536","255","49152","101376","102400","1024","1536","48","12","2048","32768","32768","65536","32768","2048","32768","131072","16384","16384","16384","2046","32768","32768","2048","32768","268435456","32768","131072","32768","32768","65536","32768","2048","32768","65000","2097120","131072","32768","32768","131072","16384","32768","16384","8192","16384","8192","2046","32768","32768","1","9001000","1","9","0","0","0","0","142","8","4","1","0","0","0","141","0","0","1","17","1024","8","64","1","1","512","0","0","512","32","65536","47665709056","1","0","1","32","8.000000","15.745513","8.000000","15.758410","8.000000","15.721601","96.000000","188.946157","1.458089","13.583034","117.252542","891.542784","8.305294","71.693614","24475329.333333","21.888327","24495376.000000","21.906255","24438160.000000","21.855087","293703952.000000","21.888327","111819093.333333","8.991958","111819264.000000","8.991971","111818752.000000","8.991930","1341829120.000000","107.903491","45565276.000000","27860712.000000","17.329640","17.338951","17.309694","17.329640","79.924322","2175.000000","0.002737","2485.000000","0.003127","3072.000000","0.001933","13243699.833333","1.064995","13243706.000000","1.064996","13243696.000000","1.064995","158924398.000000","12.779941","32.543438","32.565316","32.518573","32.543438","26.027325","26.070264","25.995319","26.027325","86.244943","86.308887","86.192801","86.244943","0","0","0","0","86.244943","86.308887","86.192801","86.244943","21.888327","21.906255","21.855087","21.888327","12.435456","12.435456","12.435456","12.435456","0","0","0","0","0","0","0","906440142","13163970.105634","13241783.000000","13032141.000000","1869283755.000000","13243699.774648","1.064995","13243706.000000","1.064996","13243696.000000","1.064995","1880605368.000000","151.229305","0","0","0","0","1.845994","2.059310","1.789074","1.845994","0.929414","1.036608","0.900519","0.929414","11.498801","12.877738","11.135959","11.498801","58582","0.003115","0","0","0","0","0","0","0","0","0","0","0","0","0","0","4.673045","5.212637","4.482214","4.673045","1","49.763103","1","55.496879","1","48.228871","87873416.000000","4.672613","142","7.066361","14.558436","16.233757","14.255503","14.558436","38.813331","43.345388","37.208545","38.813331","16.442944","27.323222","1.322263","0","0","0","0","513841989.000000","27.323222","0","0","0","0","0","0","1.175434","1.953217","94.522768","1.953217","2.224899","1.890846","1.953217","0","0","36729934.000000","1.953091","0","0","0","0","0","0","0","0","77458075","4.118784","0","0","84445136","4.490317","0","0","0","0","0","0","0","0","0","0","0","0","0","0","0","0","76852649","4.086591","0","0","59982131","3.189512","0","0","0","0","0","0","0","0","0","0","0","0","0","0","92.373522","0","80.009710","0","96.787866","0","0","0","0","0","0","0","0","0","0","183744172.000000","147013179.000000","36730993.000000","0","0","0","514804822.000000","498268603.000000","16536219.000000","0","0","0","0","0","0","0","0","0","0","0","0","0","0","0","0","0","0","0","0","0","0","0","0","0","0","0.000091","0.000091","0.000091","0.000091","77.626661","77.626661","86.679993","86.679993","74.436480","74.436480","77.626661","77.626661","0","64","1","1","64","1","0","CachePreferNone","1","29291","1","1","29291","","24.000000","24.000000","32.000000","24.000000","2540","5264","576","18.874368","34","40.000000","32.768000","1.024000","1.024000","1.024000","0","0","142","1024","14","1874624","71","all","0","0","0","0","0","8.59","0","0","17518748.750000","17526300.000000","17512244.000000","840899940.000000","17654240.000000","1.419670","17654240.000000","1.419670","17654240.000000","1.419670","847403520.000000","68.144145","0","0","0","0","17.990295","18.001421","17.977925","17.990295","4.241255","4.246663","4.232400","4.241255","0.000000","0.000011","0","0.000000","0","0","0","0","0","0","0","0","0","2.168436","2","61.569251","2.191564","2","62.225945","2.163322","2","61.424044","2.168436","96","2.955324","220970612.000000","768.000000","220534231.000000","0","0","12795212.000000","0","207731142.000000","93.484833","4.798454","99.816039","11490593.270833","32.543438","2.000000","0.650869","11498318.000000","32.565316","11481814.000000","32.518573","551548477.000000","32.543438","44.352895","35940332.000000","0","5.000000","0.014072","8.000000","0.001126","953995.000000","76.715723","6864.000000","961858.000000","0","0","0","0","515600962.000000","35925402.000000","515614170.000000","35932270.000000","0.000363","1.000000","0.000004","3072.000000","247.035573","243.000000","0","0","2829.000000","243.000000","32.485818","2.000000","0.649716","32.508613","32.459347","550571923.000000","32.485818","44.274365","34978270.000000","0","0","34978282.000000","0","13.000000","0","0","0","0","0","0","0","0","0","0","0","0","0","0","0","0","0","0","0","0","0","0","0","0","0","0","0","0","0","0","0","0","0","0","0","0","0","0","0","0","0","0","0","0","0","0","515593509.000000","34978277.000000","515595474.000000","728714.104167","728804.000000","728652.000000","34978277.000000","0","1.000000","0","0","0","0","0","0","1.000000","0","0","0","0","0","0","0","0","0","0","0","2.167228","2.000000","0.043345","36730339.000000","2.953678","0","0","0","0","0","0","1747476.000000","34978320.000000","1747476.000000","34978276.000000","0","1.000000","0","0","0","0","0","60.636855","1.000000","0.606369","513838840.000000","41.320466","0","0","0","0","0","0","513845210.000000","6.000000","513845210.000000","6.000000","26.078088","26.121861","26.043789","26.078088","86.244943","86.308887","86.192801","86.244943","86.244943","86.308887","86.192801","86.244943","0","0","323681241","0","0","698548994","184461426","0","0","1","1","1","1","0","0","0","0","0","0","0","0","1","0","0","0","0","0","0","0","0","0","0","0","0.000000","0.000000","0.000000","0.000000","2.964427","2.964427","2.964427","2.964427","0","0","0","55.967744","1","1","4.000000","0","2","1.887437","1.887437","1.887437","81.159797","1.887437","1.887437","1.887437","81.159797","43.000000","0","1","1","1","1","76852649.000000","59982131.000000","0","0","906440142","906440142","906440142","906440142","0","no data","no data","0","0","0","0","13291769940","13291769940","13291769940","13291769940","13163970.105634","13241783.000000","13032141.000000","1869283755.000000","13243699.774648","1.064995","13243706.000000","1.064996","13243696.000000","1.064995","1880605368.000000","151.229305","82.728341","17879.000000","0.001901","12.050258","0.484930","0.482010","13.436951","0.540733","0.537478","11.799501","0.474839","0.471980","12.050258","68.860017","68.445466","0.006268","0.006230","0.006989","0.006947","0.006138","0.006101","0.006268","0.006230","11.892198","11.820604","13.491826","13.410603","11.529926","11.460513","11.892198","11.820604","0.327461","0.325490","0.371508","0.369272","0.317484","0.315573","0.327461","0.325490","1.202411","1.364218","1.165724","1.202411","2.063468","2.051045","2.341072","2.326978","2.000476","1.988432","2.063468","2.051045","0","0","0","0","0","0","0","0","0","0","0","0","0","0","0","0","0","0","0","0","0","0","14.646611","14.558436","16.190739","16.093267","14.342527","14.256182","14.646611","14.558436","0","0","0","0","0","0","0","0","0","0","0","0","1.855111","1.843943","2.068658","2.056204","1.798625","1.787797","1.855111","1.843943","0","0","0","0","0","0","0","0","12.052125","0.485005","13.439353","0.540830","11.685105","0.470235","12.052125","68.870688","12.052125","13.439353","11.799501","12.052125","0","0","0","0","12.052125","13.439353","11.685105","12.052125","48.000000","100.000000","14.558436","16.093267","14.256182","14.558436","0","0","0","0","2.331893","2.600931","2.238781","2.331893","4.854889","5.366738","4.754094","4.854889","3.972290","4.437212","3.850208","3.972290","3.197050","3.565476","3.099157","3.197050","0","0","1024","1090554988030.95","0","0","0","0","1024","1090554988030.95","0","0","0","0","1024","1090554988030.95","0","0","0","0","145408","154858808300395.25","0","0","0","0","2048","2181109976061.91","0","0","0","0","2048","2181109976061.91","0","0","0","0","2048","2181109976061.91","0","0","0","0","290816","309717616600790.50","0","0","0","0","1024","1090554988030.95","0","0","0","0","1024","1090554988030.95","0","0","0","0","1024","1090554988030.95","0","0","0","0","145408","154858808300395.25","0","0","0","0","2048","2181109976061.91","0","0","0","0","2048","2181109976061.91","0","0","0","0","2048","2181109976061.91","0","0","0","0","290816","309717616600790.50","0","0","0","0","1024","1090554988030.95","0","0","0","0","1024","1090554988030.95","0","0","0","0","1024","1090554988030.95","0","0","0","0","145408","154858808300395.25","0","0","0","0","2048","2181109976061.91","0","0","0","0","2048","2181109976061.91","0","0","0","0","2048","2181109976061.91","0","0","0","0","290816","309717616600790.50","0","0","0","0","3.61","3839982352.22","0","0","0","0","3.61","3839982352.22","0","0","0","0","3.61","3839982352.22","0","0","0","0","512","545277494015.48","0","0","0","0","2048","2181109976061.91","0","0","0","0","2048","2181109976061.91","0","0","0","0","2048","2181109976061.91","0","0","0","0","290816","309717616600790.50","0","0","0","0","4096","4362219952123.81","0","0","0","0","4096","4362219952123.81","0","0","0","0","4096","4362219952123.81","0","0","0","0","581632","619435233201581","0","0","0","0","16384","17448879808495.24","0","0","0","0","16384","17448879808495.24","0","0","0","0","16384","17448879808495.24","0","0","0","0","2326528","2477740932806324","0","0","0","0","4096","4362219952123.81","0","0","0","0","4096","4362219952123.81","0","0","0","0","4096","4362219952123.81","0","0","0","0","581632","619435233201581","0","0","0","0","8192","8724439904247.62","0","0","0","0","8192","8724439904247.62","0","0","0","0","8192","8724439904247.62","0","0","0","0","1163264","1238870466403162","0","0","0","0","2048","2181109976061.91","0","0","0","0","2048","2181109976061.91","0","0","0","0","2048","2181109976061.91","0","0","0","0","290816","309717616600790.50","0","0","0","0","4096","4362219952123.81","0","0","0","0","4096","4362219952123.81","0","0","0","0","4096","4362219952123.81","0","0","0","0","581632","619435233201581","0","0","0","0","512","545277494015.48","0","0","0","0","512","545277494015.48","0","0","0","0","512","545277494015.48","0","0","0","0","72704","77429404150197.62","0","0","0","0","1024","1090554988030.95","0","0","0","0","1024","1090554988030.95","0","0","0","0","1024","1090554988030.95","0","0","0","0","145408","154858808300395.25","0","0","11.892198","11.820604","13.491826","13.410603","11.529926","11.460513","11.892198","11.820604","2.115957","2.103218","2.379115","2.364792","2.052491","2.040134","2.115957","2.103218","4.206437","4.729585","4.080268","4.206437","0","0","0","0","0","0","0","0","0","0","0","0","0","0","0","0","0","0","0","0","0","0","0","0","0","0","0","0","0","0","0","0","0","0","0","2.000000","2.000000","2.000000","284.000000","128.000000","128.000000","128.000000","18176.000000","64.000000","64.000000","64.000000","9088.000000","14.558436","16.093267","14.256182","14.558436","97.229505","46.670162","97.879516","46.982168","96.611236","46.373393","97.229505","6627.163061","95.769700","95.784540","0","0.360734","0.004793","0.025302","0.000671","35.403632","55.388476","0.037024","0","0.086603","0.000320","0.156802","0.634713","1.000000","0.020245","0","0","2.778195","7497313","13114212.470070","13191973.000000","12987883.000000","7448872683.000000","13243699.774648","1.064995","13243706.000000","1.064996","13243696.000000","1.064995","7522421472.000000","604.917220","99.997543","217792060.000000","2.895239","1595900.010563","1779625.000000","1562437.000000","906471206.000000","165106.876761","184115.000000","158444.000000","93780706.000000","0","0","0","0","0","0","0","0","0","0","0","0","0","0","0","0","0","0","0","0","0","0","0","0","1596147.311620","1779907.000000","1547256.000000","906611673.000000","12.171126","0.12","13.572351","0.14","11.798314","0.12","12.171126","69.13","87.828874","87.020597","87.238384","87.828874","12.000000","2","33.554432","0","7","4096.000000","454986","0","0","1735","1552","25","8","124","115","15","13","165184","149059","264643","235556","188","126","0","0","406","373","3","3","773","657","3053","0","5012","0","107","94","0","0","0","0","13718","11665","90.469733","32.000000","9.987631","32.000000","1.602065","32.000000","0","32.000000","0","13199.494718","14592.000000","12282.000000","7497313.000000","0","0","0","0","0","0","0","76852649.000000","59982131.000000","0","0","0","0","0","0","0","0","0","0","0","0","0","0","0","0","0","0","0","0","0","0","0","0","0","0","0","0","0","0","0","0","0","0","0","0","0","0","0","0","0","0","0","0","0","0","0","0","0","0","15.06","14.66","12.000000","11.656251","12.000000","11.757428","12.000000","11.533076","6816.000000","6620.750419","0.198959","0.220025","0.191750","113.008771","13651678644","13291769940"
"3","19582","onpair-chunk-bench","127.0.0.1","onpair_u64","1","14","(64, 1, 1)","(29291, 1, 1)","0","8.9","","","","29291.000000","","","1522893.32","618826.640845","13159826.605634","1511.765013","","11.570684","","4.015366","0","144266.682515","20485868.917104","0","0","2802","2624","8160.000000","461","18176","903150925314.54","0","0","3.072000","94.427304","0","0","514.087568","5270.000000","10876.000000","1.176000","568.000000","36352.000000","36352.000000","0.103457","0","0","0","0","0","93780706","906471206","0","0","nan","0","400","2","0","1","1","1","1","1","1","1","1","402","2520000","0","8","9","0","1","1","1","No-CC","1","1","1","0","0","NVIDIA L40S","1","1","384","6","1","1","384","1","1","1","0","1","649662686","9913","32000","16","3","3","16000","16","161","407965918","1","1","0","0","0","0","1","402","0","1","0","100663296","48","24","71","1","1","134213632","1024","1024","64","24","2520000","2147483647","65535","65535","4","1","9001000","69206016","2147483647","65536","65536","255","49152","101376","102400","1024","1536","48","12","2048","32768","32768","65536","32768","2048","32768","131072","16384","16384","16384","2046","32768","32768","2048","32768","268435456","32768","131072","32768","32768","65536","32768","2048","32768","65000","2097120","131072","32768","32768","131072","16384","32768","16384","8192","16384","8192","2046","32768","32768","1","9001000","1","9","0","0","0","0","142","8","4","1","0","0","0","141","0","0","1","17","1024","8","64","1","1","512","0","0","512","32","65536","47665709056","1","0","1","32","8.000000","15.716225","8.000000","15.730825","8.000000","15.703139","96.000000","188.594699","1.457713","13.558221","117.038325","891.235200","8.289397","71.556373","24468213.333333","21.847618","24490944.000000","21.867914","24447840.000000","21.829426","293618560.000000","21.847618","111994880.000000","8.991956","111994880.000000","8.991956","111994880.000000","8.991956","1343938560.000000","107.903468","45553540.000000","27851100.000000","17.299376","17.311787","17.285978","17.299376","80.512928","2252.000000","0.002830","2485.000000","0.003122","3072.000000","0.001930","13264514.916667","1.064994","13264520.000000","1.064995","13264511.000000","1.064994","159174179.000000","12.779934","32.495123","32.516587","32.466411","32.495123","25.990512","26.038272","25.958356","25.990512","86.116230","86.182662","86.058482","86.116230","0","0","0","0","86.116230","86.182662","86.058482","86.116230","21.847618","21.867914","21.829426","21.847618","12.455008","12.455008","12.455008","12.455008","0","0","0","0","0","0","0","906440142","13178111.521127","13262277.000000","13040637.000000","1871291836.000000","13264514.873239","1.064994","13264520.000000","1.064995","13264511.000000","1.064994","1883561112.000000","151.229217","0","0","0","0","1.843105","2.039597","1.786565","1.843105","0.927971","1.027281","0.899386","0.927971","11.480276","12.759509","11.108571","11.480276","58582","0.003110","0","0","0","0","0","0","0","0","0","0","0","0","0","0","4.665619","5.160166","4.520180","4.665619","1","49.689201","1","55.489647","1","48.157576","87880875.000000","4.665677","142","7.055867","14.535590","16.067712","13.952745","14.535590","38.753214","42.923296","37.517007","38.753214","16.442887","27.280252","1.320183","0","0","0","0","513840224.000000","27.280252","0","0","0","0","0","0","1.175318","1.949960","94.365111","1.949960","2.194517","1.887412","1.949960","0","0","36734319.000000","1.950259","0","0","0","0","0","0","0","0","77458075","4.112321","0","0","84445136","4.483270","0","0","0","0","0","0","0","0","0","0","0","0","0","0","0","0","76852649","4.080178","0","0","59982131","3.184507","0","0","0","0","0","0","0","0","0","0","0","0","0","0","92.373230","0","80.010343","0","96.785359","0","0","0","0","0","0","0","0","0","0","183744172.000000","147014342.000000","36729830.000000","0","0","0","514804822.000000","498255696.000000","16549126.000000","0","0","0","0","0","0","0","0","0","0","0","0","0","0","0","0","0","0","0","0","0","0","0","0","0","0","0.000090","0.000090","0.000090","0.000090","77.506427","77.506427","85.728480","85.728480","75.063009","75.063009","77.506427","77.506427","0","64","1","1","64","1","0","CachePreferNone","1","29291","1","1","29291","","24.000000","24.000000","32.000000","24.000000","2540","5264","576","18.874368","34","40.000000","32.768000","1.024000","1.024000","1.024000","0","0","142","1024","14","1874624","71","all","0","0","0","0","0","8.59","0","0","17582470.375000","17591354.000000","17576960.000000","843958578.000000","17679983.000000","1.419508","17679983.000000","1.419508","17679983.000000","1.419508","848639184.000000","68.136382","0","0","0","0","17.963085","17.975560","17.948128","17.963085","4.235447","4.239054","4.231220","4.235447","0.000000","0.000011","0","0.000000","0","0","0","0","0","0","0","0","0","2.165402","2","61.476110","2.188452","2","62.130510","2.160998","2","61.351065","2.165402","96","2.950853","220973607.000000","768.000000","220551964.000000","0","0","12808918.000000","0","207745299.000000","93.487123","4.791771","99.814864","11490264.437500","32.495123","2.000000","0.649902","11497854.000000","32.516587","11480112.000000","32.466411","551532693.000000","32.495123","44.282002","35936039.000000","0","2.000000","0.014059","8.000000","0.001125","954479.000000","76.634154","7304.000000","957529.000000","0","0","0","0","515603456.000000","35931059.000000","515612047.000000","35932559.000000","0.000362","1.000000","0.000004","3072.000000","246.647774","243.000000","0","0","2829.000000","243.000000","32.438671","2.000000","0.648773","32.461408","32.410566","550574543.000000","32.438671","44.205073","34978296.000000","0","0","34978274.000000","0","13.000000","0","0","0","0","0","0","0","0","0","0","0","0","0","0","0","0","0","0","0","0","0","0","0","0","0","0","0","0","0","0","0","0","0","0","0","0","0","0","0","0","0","0","0","0","0","0","515597313.000000","34978265.000000","515595128.000000","728713.854167","728799.000000","728652.000000","34978265.000000","0","1.000000","0","0","0","0","0","0","1.000000","0","0","0","0","0","0","0","0","0","0","0","2.164054","2.000000","0.043281","36730026.000000","2.949017","0","0","0","0","0","0","1752474.000000","34978274.000000","1752474.000000","34978269.000000","0","1.000000","0","0","0","0","0","60.549195","1.000000","0.605492","513844197.000000","41.256031","0","0","0","0","0","0","513844670.000000","10.000000","513844670.000000","10.000000","26.038880","26.082338","26.006439","26.038880","86.116230","86.182662","86.058482","86.116230","86.116230","86.182662","86.058482","86.116230","0","0","323681241","0","0","698548994","184461426","0","0","1","1","1","1","0","0","0","0","0","0","0","0","1","0","0","0","0","0","0","0","0","0","0","0","0.000000","0.000000","0.000000","0.000000","2.918665","2.918665","2.918665","2.918665","0","0","0","55.902208","1","1","4.000000","0","2","1.887437","1.887437","1.887437","81.159797","1.887437","1.887437","1.887437","81.159797","43.000000","0","1","1","1","1","76852649.000000","59982131.000000","0","0","906440142","906440142","906440142","906440142","0","no data","no data","0","0","0","0","13291769940","13291769940","13291769940","13291769940","13178111.521127","13262277.000000","13040637.000000","1871291836.000000","13264514.873239","1.064994","13264520.000000","1.064995","13264511.000000","1.064994","1883561112.000000","151.229217","83.441503","17719.000000","0.001881","12.031348","0.484409","0.481254","13.299527","0.535469","0.531981","11.548900","0.464985","0.461956","12.031348","68.786123","68.338059","0.006261","0.006220","0.006921","0.006875","0.006010","0.005971","0.006261","0.006220","11.879436","11.802055","13.361892","13.274854","11.518187","11.443159","11.879436","11.802055","0.327110","0.324979","0.367928","0.365532","0.317166","0.315100","0.327110","0.324979","1.200522","1.350400","1.163978","1.200522","2.061253","2.047827","2.318553","2.303450","1.998539","1.985521","2.061253","2.047827","0","0","0","0","0","0","0","0","0","0","0","0","0","0","0","0","0","0","0","0","0","0","14.630894","14.535590","16.315084","16.208810","14.185948","14.093542","14.630894","14.535590","0","0","0","0","0","0","0","0","0","0","0","0","1.853120","1.841049","2.048488","2.035144","1.796676","1.784973","1.853120","1.841049","0","0","0","0","0","0","0","0","12.033214","0.484484","13.301892","0.535564","11.666688","0.469727","12.033214","68.796787","12.033214","13.301892","11.666688","12.033214","0","0","0","0","12.033214","13.301892","11.666688","12.033214","48.000000","100.000000","14.535590","16.208810","14.093542","14.535590","0","0","0","0","2.328314","2.635422","2.253863","2.328314","4.847270","5.405228","4.699838","4.847270","3.966056","4.394258","3.841663","3.966056","3.192033","3.529047","3.094150","3.192033","0","0","1024","1090554356143.10","0","0","0","0","1024","1090554356143.10","0","0","0","0","1024","1090554356143.10","0","0","0","0","145408","154858718572320.47","0","0","0","0","2048","2181108712286.20","0","0","0","0","2048","2181108712286.20","0","0","0","0","2048","2181108712286.20","0","0","0","0","290816","309717437144640.94","0","0","0","0","1024","1090554356143.10","0","0","0","0","1024","1090554356143.10","0","0","0","0","1024","1090554356143.10","0","0","0","0","145408","154858718572320.47","0","0","0","0","2048","2181108712286.20","0","0","0","0","2048","2181108712286.20","0","0","0","0","2048","2181108712286.20","0","0","0","0","290816","309717437144640.94","0","0","0","0","1024","1090554356143.10","0","0","0","0","1024","1090554356143.10","0","0","0","0","1024","1090554356143.10","0","0","0","0","145408","154858718572320.47","0","0","0","0","2048","2181108712286.20","0","0","0","0","2048","2181108712286.20","0","0","0","0","2048","2181108712286.20","0","0","0","0","290816","309717437144640.94","0","0","0","0","3.61","3839980127.26","0","0","0","0","3.61","3839980127.26","0","0","0","0","3.61","3839980127.26","0","0","0","0","512","545277178071.55","0","0","0","0","2048","2181108712286.20","0","0","0","0","2048","2181108712286.20","0","0","0","0","2048","2181108712286.20","0","0","0","0","290816","309717437144640.94","0","0","0","0","4096","4362217424572.41","0","0","0","0","4096","4362217424572.41","0","0","0","0","4096","4362217424572.41","0","0","0","0","581632","619434874289281.88","0","0","0","0","16384","17448869698289.63","0","0","0","0","16384","17448869698289.63","0","0","0","0","16384","17448869698289.63","0","0","0","0","2326528","2477739497157127.50","0","0","0","0","4096","4362217424572.41","0","0","0","0","4096","4362217424572.41","0","0","0","0","4096","4362217424572.41","0","0","0","0","581632","619434874289281.88","0","0","0","0","8192","8724434849144.81","0","0","0","0","8192","8724434849144.81","0","0","0","0","8192","8724434849144.81","0","0","0","0","1163264","1238869748578563.75","0","0","0","0","2048","2181108712286.20","0","0","0","0","2048","2181108712286.20","0","0","0","0","2048","2181108712286.20","0","0","0","0","290816","309717437144640.94","0","0","0","0","4096","4362217424572.41","0","0","0","0","4096","4362217424572.41","0","0","0","0","4096","4362217424572.41","0","0","0","0","581632","619434874289281.88","0","0","0","0","512","545277178071.55","0","0","0","0","512","545277178071.55","0","0","0","0","512","545277178071.55","0","0","0","0","72704","77429359286160.23","0","0","0","0","1024","1090554356143.10","0","0","0","0","1024","1090554356143.10","0","0","0","0","1024","1090554356143.10","0","0","0","0","145408","154858718572320.47","0","0","11.879436","11.802055","13.361892","13.274854","11.518187","11.443159","11.879436","11.802055","2.113686","2.099918","2.356303","2.340954","2.060976","2.047551","2.113686","2.099918","4.199836","4.681909","4.095103","4.199836","0","0","0","0","0","0","0","0","0","0","0","0","0","0","0","0","0","0","0","0","0","0","0","0","0","0","0","0","0","0","0","0","0","0","0","2.000000","2.000000","2.000000","284.000000","128.000000","128.000000","128.000000","18176.000000","64.000000","64.000000","64.000000","9088.000000","14.535590","16.208810","14.093542","14.535590","96.852043","46.488981","97.974408","47.027716","95.920413","46.041798","96.852043","6601.435232","95.914420","95.929289","0","0.360676","0.004784","0.025525","0.000714","35.497014","55.303819","0.037015","0","0.086432","0.000320","0.156783","0.634519","1.000000","0.020117","0","0","2.778202","7497313","13114317.508803","13184576.000000","12962895.000000","7448932345.000000","13264514.873239","1.064994","13264520.000000","1.064995","13264511.000000","1.064994","7534244448.000000","604.916869","99.997600","217792060.000000","2.890695","1595900.010563","1764150.000000","1531786.000000","906471206.000000","165106.876761","182514.000000","160046.000000","93780706.000000","0","0","0","0","0","0","0","0","0","0","0","0","0","0","0","0","0","0","0","0","0","0","0","0","1596147.417254","1764440.000000","1547193.000000","906611733.000000","12.171029","0.12","13.454303","0.13","11.797739","0.12","12.171029","69.13","87.828971","87.081436","87.047626","87.828971","12.000000","2","33.554432","0","7","4096.000000","455351","0","0","1785","1586","31","16","112","97","22","19","165242","149148","265214","235925","193","120","0","0","403","372","2","2","755","665","2982","0","4945","0","95","88","0","0","0","0","13570","11570","90.469733","32.000000","9.987631","32.000000","1.602065","32.000000","0","32.000000","0","13199.494718","14591.000000","12282.000000","7497313.000000","0","0","0","0","0","0","0","76852649.000000","59982131.000000","0","0","0","0","0","0","0","0","0","0","0","0","0","0","0","0","0","0","0","0","0","0","0","0","0","0","0","0","0","0","0","0","0","0","0","0","0","0","0","0","0","0","0","0","0","0","0","0","0","0","15.06","14.66","12.000000","11.673772","12.000000","11.763731","12.000000","11.554881","6816.000000","6630.702545","0.198966","0.222061","0.193414","113.012643","13651678644","13291769940"
"4","19582","onpair-chunk-bench","127.0.0.1","onpair_u64","1","14","(64, 1, 1)","(29291, 1, 1)","0","8.9","","","","29291.000000","","","1523592.35","618856.000000","13021327.683099","1509.719496","","11.722003","","4.067877","0","142732.614068","20268031.197635","0","0","2802","2624","8160.000000","461","18176","910995000920.00","0","0","3.072000","95.211949","0","0","514.087568","5270.000000","10876.000000","1.176000","568.000000","36352.000000","36352.000000","0.103457","0","0","0","0","0","93780706","906471206","0","0","nan","0","400","2","0","1","1","1","1","1","1","1","1","402","2520000","0","8","9","0","1","1","1","No-CC","1","1","1","0","0","NVIDIA L40S","1","1","384","6","1","1","384","1","1","1","0","1","649662686","9913","32000","16","3","3","16000","16","161","407965918","1","1","0","0","0","0","1","402","0","1","0","100663296","48","24","71","1","1","134213632","1024","1024","64","24","2520000","2147483647","65535","65535","4","1","9001000","69206016","2147483647","65536","65536","255","49152","101376","102400","1024","1536","48","12","2048","32768","32768","65536","32768","2048","32768","131072","16384","16384","16384","2046","32768","32768","2048","32768","268435456","32768","131072","32768","32768","65536","32768","2048","32768","65000","2097120","131072","32768","32768","131072","16384","32768","16384","8192","16384","8192","2046","32768","32768","1","9001000","1","9","0","0","0","0","142","8","4","1","0","0","0","141","0","0","1","17","1024","8","64","1","1","512","0","0","512","32","65536","47665709056","1","0","1","32","8.000000","15.851426","8.000000","15.868847","8.000000","15.836412","96.000000","190.217114","1.457480","13.673669","118.034939","891.296256","8.361890","72.182175","24466422.666667","22.035559","24493312.000000","22.059776","24443248.000000","22.014686","293597072.000000","22.035559","111031552.000000","8.991958","111031808.000000","8.991979","111031296.000000","8.991938","1332378624.000000","107.903501","45546260.000000","27853008.000000","17.300401","17.311999","17.292285","17.300401","79.924322","2174.000000","0.002755","2485.000000","0.003149","3072.000000","0.001947","13150413.083333","1.064994","13150417.000000","1.064995","13150410.000000","1.064994","157804957.000000","12.779931","32.500224","32.521005","32.473470","32.500224","25.990762","26.032218","25.960268","25.990762","86.128133","86.188248","86.076553","86.128133","0","0","0","0","86.128133","86.188248","86.076553","86.128133","22.035559","22.059776","22.014686","22.035559","12.347872","12.347872","12.347872","12.347872","0","0","0","0","0","0","0","906440142","13081133.838028","13148339.000000","12968328.000000","1857521005.000000","13150413.098592","1.064994","13150417.000000","1.064995","13150410.000000","1.064994","1867358660.000000","151.229188","0","0","0","0","1.859094","2.090292","1.800687","1.859094","0.935933","1.052331","0.906258","0.935933","11.583425","13.076532","11.211047","11.583425","58582","0.003137","0","0","0","0","0","0","0","0","0","0","0","0","0","0","4.705964","5.245098","4.604639","4.705964","1","50.120764","1","55.424773","1","48.574038","87881638.000000","4.706200","142","7.117148","14.661711","16.207278","14.216512","14.661711","39.088868","43.599383","38.204541","39.088868","16.443055","27.517235","1.331651","0","0","0","0","513845468.000000","27.517235","0","0","0","0","0","0","1.175588","1.967331","95.205716","1.967331","2.197634","1.923605","1.967331","0","0","36737538.000000","1.967353","0","0","0","0","0","0","0","0","77458075","4.148002","0","0","84445136","4.522170","0","0","0","0","0","0","0","0","0","0","0","0","0","0","0","0","76852649","4.115581","0","0","59982131","3.212138","0","0","0","0","0","0","0","0","0","0","0","0","0","0","92.374104","0","80.009746","0","96.788881","0","0","0","0","0","0","0","0","0","0","183744172.000000","147013245.000000","36730927.000000","0","0","0","514804822.000000","498273824.000000","16530998.000000","0","0","0","0","0","0","0","0","0","0","0","0","0","0","0","0","0","0","0","0","0","0","0","0","0","0","0.000091","0.000091","0.000091","0.000091","78.177736","78.177736","86.815957","86.815957","76.484457","76.484457","78.177736","78.177736","0","64","1","1","64","1","0","CachePreferNone","1","29291","1","1","29291","","24.000000","24.000000","32.000000","24.000000","2540","5264","576","18.874368","34","40.000000","32.768000","1.024000","1.024000","1.024000","0","0","142","1024","14","1874624","71","all","0","0","0","0","0","8.59","0","0","17602001.520833","17609174.000000","17593095.000000","844896073.000000","17677641.000000","1.431635","17677641.000000","1.431635","17677641.000000","1.431635","848526768.000000","68.718462","0","0","0","0","17.966144","17.976776","17.952294","17.966144","4.234605","4.239655","4.230712","4.234605","0.000000","0.000006","0","0.000000","0","0","0","0","0","0","0","0","0","2.164901","2","61.986946","2.187249","2","62.626823","2.160826","2","61.870256","2.164901","96","2.975373","220970261.000000","768.000000","220549593.000000","0","0","12807696.000000","0","207737515.000000","93.485484","4.794140","99.813939","11490545.770833","32.500224","2.000000","0.650004","11497893.000000","32.521005","11481087.000000","32.473470","551546197.000000","32.500224","44.667308","35940239.000000","0","2.000000","0.013982","8.000000","0.001119","949124.000000","76.865390","6458.000000","961733.000000","0","0","0","0","515604939.000000","35930796.000000","515615634.000000","35935894.000000","0.000362","1.000000","0.000004","3072.000000","248.787807","243.000000","0","0","2829.000000","243.000000","32.443467","2.000000","0.648869","32.464128","32.418364","550583006.000000","32.443467","44.589303","34978318.000000","0","0","34978259.000000","0","9.000000","0","0","0","0","0","0","0","0","0","0","0","0","0","0","0","0","0","0","0","0","0","0","0","0","0","0","0","0","0","0","0","0","0","0","0","0","0","0","0","0","0","0","0","0","0","0","515593135.000000","34978258.000000","515604434.000000","728713.708333","728796.000000","728656.000000","34978258.000000","0","1.000000","0","0","0","0","0","0","1.000000","0","0","0","0","0","0","0","0","0","0","0","2.164382","2.000000","0.043288","36730718.000000","2.974660","0","0","0","0","0","0","1755458.000000","34978255.000000","1755458.000000","34978288.000000","0","1.000000","0","0","0","0","0","60.556909","1.000000","0.605569","513841585.000000","41.613776","0","0","0","0","0","0","513843833.000000","8.000000","513843833.000000","8.000000","26.040302","26.087372","26.009319","26.040302","86.128133","86.188248","86.076553","86.128133","86.128133","86.188248","86.076553","86.128133","0","0","323681241","0","0","698548994","184461426","0","0","1","1","1","1","0","0","0","0","0","0","0","0","1","0","0","0","0","0","0","0","0","0","0","0","0.000000","0.000000","0.000000","0.000000","2.985454","2.985454","2.985454","2.985454","0","0","0","55.508992","1","1","4.000000","0","2","1.887437","1.887437","1.887437","81.159797","1.887437","1.887437","1.887437","81.159797","43.000000","0","1","1","1","1","76852649.000000","59982131.000000","0","0","906440142","906440142","906440142","906440142","0","no data","no data","0","0","0","0","13291769940","13291769940","13291769940","13291769940","13081133.838028","13148339.000000","12968328.000000","1857521005.000000","13150413.098592","1.064994","13150417.000000","1.064995","13150410.000000","1.064994","1867358660.000000","151.229188","83.375656","17721.000000","0.001898","12.135741","0.488001","0.485430","13.415048","0.539444","0.536602","11.767235","0.473182","0.470689","12.135741","69.296073","68.931006","0.006308","0.006274","0.006972","0.006935","0.006116","0.006083","0.006308","0.006274","11.967505","11.904457","13.345040","13.274735","11.718732","11.656995","11.967505","11.904457","0.329535","0.327799","0.367468","0.365532","0.322684","0.320984","0.329535","0.327799","1.210940","1.350391","1.185727","1.210940","2.076535","2.065595","2.315615","2.303416","2.033260","2.022549","2.076535","2.065595","0","0","0","0","0","0","0","0","0","0","0","0","0","0","0","0","0","0","0","0","0","0","14.739361","14.661711","16.578960","16.491619","14.290810","14.215523","14.739361","14.661711","0","0","0","0","0","0","0","0","0","0","0","0","1.866859","1.857023","2.099879","2.088817","1.809996","1.800461","1.866859","1.857023","0","0","0","0","0","0","0","0","12.137621","0.488076","13.652626","0.548997","11.767900","0.473209","12.137621","69.306809","12.137621","13.652626","11.767900","12.137621","0","0","0","0","12.137621","13.652626","11.767900","12.137621","48.000000","100.000000","14.661711","16.491619","14.215523","14.661711","0","0","0","0","2.348521","2.603078","2.275389","2.348521","4.889328","5.499518","4.740535","4.889328","4.000285","4.466308","3.875627","4.000285","3.219729","3.590823","3.120936","3.219729","0","0","1024","1090554146735.38","0","0","0","0","1024","1090554146735.38","0","0","0","0","1024","1090554146735.38","0","0","0","0","145408","154858688836424.62","0","0","0","0","2048","2181108293470.77","0","0","0","0","2048","2181108293470.77","0","0","0","0","2048","2181108293470.77","0","0","0","0","290816","309717377672849.25","0","0","0","0","1024","1090554146735.38","0","0","0","0","1024","1090554146735.38","0","0","0","0","1024","1090554146735.38","0","0","0","0","145408","154858688836424.62","0","0","0","0","2048","2181108293470.77","0","0","0","0","2048","2181108293470.77","0","0","0","0","2048","2181108293470.77","0","0","0","0","290816","309717377672849.25","0","0","0","0","1024","1090554146735.38","0","0","0","0","1024","1090554146735.38","0","0","0","0","1024","1090554146735.38","0","0","0","0","145408","154858688836424.62","0","0","0","0","2048","2181108293470.77","0","0","0","0","2048","2181108293470.77","0","0","0","0","2048","2181108293470.77","0","0","0","0","290816","309717377672849.25","0","0","0","0","3.61","3839979389.91","0","0","0","0","3.61","3839979389.91","0","0","0","0","3.61","3839979389.91","0","0","0","0","512","545277073367.69","0","0","0","0","2048","2181108293470.77","0","0","0","0","2048","2181108293470.77","0","0","0","0","2048","2181108293470.77","0","0","0","0","290816","309717377672849.25","0","0","0","0","4096","4362216586941.54","0","0","0","0","4096","4362216586941.54","0","0","0","0","4096","4362216586941.54","0","0","0","0","581632","619434755345698.50","0","0","0","0","16384","17448866347766.15","0","0","0","0","16384","17448866347766.15","0","0","0","0","16384","17448866347766.15","0","0","0","0","2326528","2477739021382794","0","0","0","0","4096","4362216586941.54","0","0","0","0","4096","4362216586941.54","0","0","0","0","4096","4362216586941.54","0","0","0","0","581632","619434755345698.50","0","0","0","0","8192","8724433173883.08","0","0","0","0","8192","8724433173883.08","0","0","0","0","8192","8724433173883.08","0","0","0","0","1163264","1238869510691397","0","0","0","0","2048","2181108293470.77","0","0","0","0","2048","2181108293470.77","0","0","0","0","2048","2181108293470.77","0","0","0","0","290816","309717377672849.25","0","0","0","0","4096","4362216586941.54","0","0","0","0","4096","4362216586941.54","0","0","0","0","4096","4362216586941.54","0","0","0","0","581632","619434755345698.50","0","0","0","0","512","545277073367.69","0","0","0","0","512","545277073367.69","0","0","0","0","512","545277073367.69","0","0","0","0","72704","77429344418212.31","0","0","0","0","1024","1090554146735.38","0","0","0","0","1024","1090554146735.38","0","0","0","0","1024","1090554146735.38","0","0","0","0","145408","154858688836424.62","0","0","11.967505","11.904457","13.345040","13.274735","11.718732","11.656995","11.967505","11.904457","2.129356","2.118138","2.354503","2.342099","2.065998","2.055114","2.129356","2.118138","4.236276","4.684199","4.110228","4.236276","0","0","0","0","0","0","0","0","0","0","0","0","0","0","0","0","0","0","0","0","0","0","0","0","0","0","0","0","0","0","0","0","0","0","0","2.000000","2.000000","2.000000","284.000000","128.000000","128.000000","128.000000","18176.000000","64.000000","64.000000","64.000000","9088.000000","14.661711","16.491619","14.215523","14.661711","96.965242","46.543316","97.678884","46.885864","96.029284","46.094056","96.965242","6609.150910","95.127232","95.141969","0","0.360591","0.004813","0.025332","0.000664","35.242031","54.902570","0.037210","0","0.085449","0.000318","0.156890","0.634950","1.000000","0.020031","0","0","2.778224","7497313","13032421.382042","13117427.000000","12930455.000000","7402415345.000000","13150413.098592","1.064994","13150417.000000","1.064995","13150410.000000","1.064994","7469434640.000000","604.916753","99.997505","217792060.000000","2.915777","1595900.010563","1764150.000000","1547261.000000","906471206.000000","165106.876761","184114.000000","161647.000000","93780706.000000","0","0","0","0","0","0","0","0","0","0","0","0","0","0","0","0","0","0","0","0","0","0","0","0","1596147.251761","1795388.000000","1547272.000000","906611639.000000","12.247511","0.12","13.776319","0.14","11.872483","0.12","12.247511","69.57","87.752489","86.875943","87.345112","87.752489","12.000000","2","33.554432","0","7","4096.000000","451451","0","0","1698","1536","25","9","118","105","19","18","163703","147698","262672","233287","209","135","0","0","397","374","2","2","750","662","2909","0","5068","0","92","80","0","0","0","0","13789","11738","90.469733","32.000000","9.987631","32.000000","1.602065","32.000000","0","32.000000","0","13199.494718","14591.000000","12287.000000","7497313.000000","0","0","0","0","0","0","0","76852649.000000","59982131.000000","0","0","0","0","0","0","0","0","0","0","0","0","0","0","0","0","0","0","0","0","0","0","0","0","0","0","0","0","0","0","0","0","0","0","0","0","0","0","0","0","0","0","0","0","0","0","0","0","0","0","15.06","14.66","12.000000","11.650718","12.000000","11.762864","12.000000","11.523409","6816.000000","6617.607947","0.200250","0.223191","0.193466","113.741968","13651678644","13291769940"
"5","19582","onpair-chunk-bench","127.0.0.1","onpair_u64","1","14","(64, 1, 1)","(29291, 1, 1)","0","8.9","","","","29291.000000","","","1522941.06","618857.563380","13114567.788732","1509.353921","","11.632947","","4.036972","0","143737.322326","20410699.770328","0","0","2802","2624","8160.000000","461","18176","905477805712.40","0","0","3.072000","94.672353","0","0","514.087568","5270.000000","10876.000000","1.176000","568.000000","36352.000000","36352.000000","0.103457","0","0","0","0","0","93780706","906471206","0","0","nan","0","400","2","0","1","1","1","1","1","1","1","1","402","2520000","0","8","9","0","1","1","1","No-CC","1","1","1","0","0","NVIDIA L40S","1","1","384","6","1","1","384","1","1","1","0","1","649662686","9913","32000","16","3","3","16000","16","161","407965918","1","1","0","0","0","0","1","402","0","1","0","100663296","48","24","71","1","1","134213632","1024","1024","64","24","2520000","2147483647","65535","65535","4","1","9001000","69206016","2147483647","65536","65536","255","49152","101376","102400","1024","1536","48","12","2048","32768","32768","65536","32768","2048","32768","131072","16384","16384","16384","2046","32768","32768","2048","32768","268435456","32768","131072","32768","32768","65536","32768","2048","32768","65000","2097120","131072","32768","32768","131072","16384","32768","16384","8192","16384","8192","2046","32768","32768","1","9001000","1","9","0","0","0","0","142","8","4","1","0","0","0","141","0","0","1","17","1024","8","64","1","1","512","0","0","512","32","65536","47665709056","1","0","1","32","8.000000","15.757936","8.000000","15.767527","8.000000","15.736636","96.000000","189.095238","1.457746","13.593832","117.345732","891.319424","8.311770","71.749505","24469428.000000","21.905601","24484320.000000","21.918933","24436352.000000","21.875991","293633136.000000","21.905601","111703978.666667","8.991956","111704064.000000","8.991963","111703552.000000","8.991922","1340447744.000000","107.903474","45554552.000000","27853732.000000","17.342596","17.351013","17.333453","17.342596","80.512928","2250.000000","0.002834","2485.000000","0.003130","3072.000000","0.001935","13230055.916667","1.064994","13230061.000000","1.064995","13230054.000000","1.064994","158760671.000000","12.779930","32.574900","32.598805","32.547857","32.574900","26.053216","26.092776","26.020983","26.053216","86.328331","86.390925","86.270081","86.328331","0","0","0","0","86.328331","86.390925","86.270081","86.328331","21.905601","21.918933","21.875991","21.905601","12.422656","12.422656","12.422656","12.422656","0","0","0","0","0","0","0","906440142","13120404.267606","13227893.000000","13006915.000000","1863097406.000000","13230055.915493","1.064994","13230061.000000","1.064995","13230054.000000","1.064994","1878667940.000000","151.229169","0","0","0","0","1.847904","2.062386","1.790768","1.847904","0.930342","1.039308","0.901133","0.930342","11.511310","12.900210","11.135471","11.511310","58582","0.003118","0","0","0","0","0","0","0","0","0","0","0","0","0","0","4.678069","5.263840","4.535363","4.678069","1","49.817221","1","55.101180","1","48.289432","87878432.000000","4.677699","142","7.074045","14.573450","16.108125","14.269524","14.573450","38.853138","43.734570","37.635419","38.853138","16.443018","27.351524","1.323631","0","0","0","0","513844318.000000","27.351524","0","0","0","0","0","0","1.175375","1.955133","94.615405","1.955133","2.180792","1.893771","1.955133","0","0","36738198.000000","1.955545","0","0","0","0","0","0","0","0","77458075","4.123032","0","0","84445136","4.494947","0","0","0","0","0","0","0","0","0","0","0","0","0","0","0","0","76852649","4.090805","0","0","59982131","3.192801","0","0","0","0","0","0","0","0","0","0","0","0","0","0","92.373112","0","80.011743","0","96.791861","0","0","0","0","0","0","0","0","0","0","183744172.000000","147016914.000000","36727258.000000","0","0","0","514804822.000000","498289169.000000","16515653.000000","0","0","0","0","0","0","0","0","0","0","0","0","0","0","0","0","0","0","0","0","0","0","0","0","0","0","0.000091","0.000091","0.000091","0.000091","77.706277","77.706277","87.418482","87.418482","75.328744","75.328744","77.706277","77.706277","0","64","1","1","64","1","0","CachePreferNone","1","29291","1","1","29291","","24.000000","24.000000","32.000000","24.000000","2540","5264","576","18.874368","34","40.000000","32.768000","1.024000","1.024000","1.024000","0","0","142","1024","14","1874624","71","all","0","0","0","0","0","8.59","0","0","17539995.520833","17547666.000000","17529942.000000","841919785.000000","17636797.000000","1.419728","17636797.000000","1.419728","17636797.000000","1.419728","846566256.000000","68.146961","0","0","0","0","18.007444","18.020732","17.992746","18.007444","4.245042","4.249530","4.240679","4.245042","0.000000","0.000011","0","0.000000","0","0","0","0","0","0","0","0","0","2.170684","2","61.635647","2.195229","2","62.332564","2.166360","2","61.512852","2.170684","96","2.958511","220985069.000000","768.000000","220532127.000000","0","0","12812813.000000","0","207736484.000000","93.486483","4.782623","99.815244","11490338.125000","32.574900","2.000000","0.651498","11498770.000000","32.598805","11480799.000000","32.547857","551536230.000000","32.574900","44.397609","35932122.000000","0","2.000000","0.014151","8.000000","0.001132","958391.000000","77.148639","14954.000000","953618.000000","0","0","0","0","515603513.000000","35921510.000000","515611826.000000","35927544.000000","0.000363","1.000000","0.000004","3072.000000","247.290113","243.000000","0","0","2829.000000","243.000000","32.518572","2.000000","0.650371","32.540350","32.492816","550582516.000000","32.518572","44.320837","34978269.000000","0","0","34978220.000000","0","11.000000","0","0","0","0","0","0","0","0","0","0","0","0","0","0","0","0","0","0","0","0","0","0","0","0","0","0","0","0","0","0","0","0","0","0","0","0","0","0","0","0","0","0","0","0","0","0","515604760.000000","34978256.000000","515592799.000000","728713.666667","728799.000000","728656.000000","34978256.000000","0","1.000000","0","0","0","0","0","0","1.000000","0","0","0","0","0","0","0","0","0","0","0","2.169812","2.000000","0.043396","36737785.000000","2.957321","0","0","0","0","0","0","1749472.000000","34978276.000000","1749472.000000","34978277.000000","0","1.000000","0","0","0","0","0","60.697305","1.000000","0.606973","513842902.000000","41.363369","0","0","0","0","0","0","513840815.000000","10.000000","513840815.000000","10.000000","26.101982","26.146669","26.071333","26.101982","86.328331","86.390925","86.270081","86.328331","86.328331","86.390925","86.270081","86.328331","0","0","323681241","0","0","698548994","184461426","0","0","1","1","1","1","0","0","0","0","0","0","0","0","1","0","0","0","0","0","0","0","0","0","0","0","0.000000","0.000000","0.000000","0.000000","2.926266","2.926266","2.926266","2.926266","0","0","0","56.033280","1","1","4.000000","0","2","1.887437","1.887437","1.887437","81.159797","1.887437","1.887437","1.887437","81.159797","43.000000","0","1","1","1","1","76852649.000000","59982131.000000","0","0","906440142","906440142","906440142","906440142","0","no data","no data","0","0","0","0","13291769940","13291769940","13291769940","13291769940","13120404.267606","13227893.000000","13006915.000000","1863097406.000000","13230055.915493","1.064994","13230061.000000","1.064995","13230054.000000","1.064994","1878667940.000000","151.229169","83.614253","17680.000000","0.001882","12.062685","0.486540","0.482507","13.332943","0.537775","0.533318","11.811105","0.476393","0.472444","12.062685","69.088664","68.516053","0.006289","0.006237","0.006951","0.006893","0.006158","0.006107","0.006289","0.006237","11.931685","11.832794","13.304845","13.194574","11.568980","11.473096","11.931685","11.832794","0.328548","0.325825","0.366355","0.363319","0.318569","0.315928","0.328548","0.325825","1.203656","1.342239","1.167100","1.203656","2.070319","2.053160","2.308584","2.289450","2.007421","1.990783","2.070319","2.053160","0","0","0","0","0","0","0","0","0","0","0","0","0","0","0","0","0","0","0","0","0","0","14.695245","14.573450","16.244347","16.109713","14.248875","14.130779","14.695245","14.573450","0","0","0","0","0","0","0","0","0","0","0","0","1.861271","1.845845","2.075508","2.058306","1.804628","1.789671","1.861271","1.845845","0","0","0","0","0","0","0","0","12.064557","0.486615","13.453159","0.542624","11.697447","0.471808","12.064557","69.099382","12.064557","13.453159","11.811105","12.064557","0","0","0","0","12.064557","13.453159","11.697447","12.064557","48.000000","100.000000","14.573450","16.109713","14.130779","14.573450","0","0","0","0","2.334257","2.629275","2.259231","2.334257","4.859895","5.372202","4.712296","4.859895","3.976734","4.442060","3.816016","3.976734","3.200347","3.568995","3.071227","3.200347","0","0","1024","1090554005316.16","0","0","0","0","1024","1090554005316.16","0","0","0","0","1024","1090554005316.16","0","0","0","0","145408","154858668754894.28","0","0","0","0","2048","2181108010632.31","0","0","0","0","2048","2181108010632.31","0","0","0","0","2048","2181108010632.31","0","0","0","0","290816","309717337509788.56","0","0","0","0","1024","1090554005316.16","0","0","0","0","1024","1090554005316.16","0","0","0","0","1024","1090554005316.16","0","0","0","0","145408","154858668754894.28","0","0","0","0","2048","2181108010632.31","0","0","0","0","2048","2181108010632.31","0","0","0","0","2048","2181108010632.31","0","0","0","0","290816","309717337509788.56","0","0","0","0","1024","1090554005316.16","0","0","0","0","1024","1090554005316.16","0","0","0","0","1024","1090554005316.16","0","0","0","0","145408","154858668754894.28","0","0","0","0","2048","2181108010632.31","0","0","0","0","2048","2181108010632.31","0","0","0","0","2048","2181108010632.31","0","0","0","0","290816","309717337509788.56","0","0","0","0","3.61","3839978891.96","0","0","0","0","3.61","3839978891.96","0","0","0","0","3.61","3839978891.96","0","0","0","0","512","545277002658.08","0","0","0","0","2048","2181108010632.31","0","0","0","0","2048","2181108010632.31","0","0","0","0","2048","2181108010632.31","0","0","0","0","290816","309717337509788.56","0","0","0","0","4096","4362216021264.63","0","0","0","0","4096","4362216021264.63","0","0","0","0","4096","4362216021264.63","0","0","0","0","581632","619434675019577.12","0","0","0","0","16384","17448864085058.51","0","0","0","0","16384","17448864085058.51","0","0","0","0","16384","17448864085058.51","0","0","0","0","2326528","2477738700078308.50","0","0","0","0","4096","4362216021264.63","0","0","0","0","4096","4362216021264.63","0","0","0","0","4096","4362216021264.63","0","0","0","0","581632","619434675019577.12","0","0","0","0","8192","8724432042529.25","0","0","0","0","8192","8724432042529.25","0","0","0","0","8192","8724432042529.25","0","0","0","0","1163264","1238869350039154.25","0","0","0","0","2048","2181108010632.31","0","0","0","0","2048","2181108010632.31","0","0","0","0","2048","2181108010632.31","0","0","0","0","290816","309717337509788.56","0","0","0","0","4096","4362216021264.63","0","0","0","0","4096","4362216021264.63","0","0","0","0","4096","4362216021264.63","0","0","0","0","581632","619434675019577.12","0","0","0","0","512","545277002658.08","0","0","0","0","512","545277002658.08","0","0","0","0","512","545277002658.08","0","0","0","0","72704","77429334377447.14","0","0","0","0","1024","1090554005316.16","0","0","0","0","1024","1090554005316.16","0","0","0","0","1024","1090554005316.16","0","0","0","0","145408","154858668754894.28","0","0","11.931685","11.832794","13.304845","13.194574","11.568980","11.473096","11.931685","11.832794","2.122983","2.105387","2.347330","2.327876","2.078755","2.061526","2.122983","2.105387","4.210775","4.655751","4.123051","4.210775","0","0","0","0","0","0","0","0","0","0","0","0","0","0","0","0","0","0","0","0","0","0","0","0","0","0","0","0","0","0","0","0","0","0","0","2.000000","2.000000","2.000000","284.000000","128.000000","128.000000","128.000000","18176.000000","64.000000","64.000000","64.000000","9088.000000","14.573450","16.109713","14.130779","14.573450","97.073602","46.595329","97.706370","46.899058","96.093108","46.124692","97.073602","6616.536740","96.061864","96.076767","0","0.360630","0.004791","0.025359","0.000640","35.456889","55.462585","0.037016","0","0.086660","0.000319","0.156828","0.634757","1.000000","0.020289","0","0","2.778202","7497313","13112490.866197","13187359.000000","12990116.000000","7447894812.000000","13230055.915493","1.064994","13230061.000000","1.064995","13230054.000000","1.064994","7514671760.000000","604.916675","99.997544","217792060.000000","2.898225","1595900.010563","1764148.000000","1562498.000000","906471206.000000","165106.876761","185716.000000","160051.000000","93780706.000000","0","0","0","0","0","0","0","0","0","0","0","0","0","0","0","0","0","0","0","0","0","0","0","0","1596147.589789","1779907.000000","1547307.000000","906611831.000000","12.172726","0.12","13.574133","0.14","11.800252","0.12","12.172726","69.14","87.827274","86.996835","87.266478","87.827274","12.000000","2","33.554432","0","7","4096.000000","455140","0","0","1724","1518","24","8","112","99","17","17","164941","148859","265155","236057","190","129","0","0","397","366","1","1","832","716","2964","0","4980","0","99","89","0","0","0","0","13704","11681","90.469733","32.000000","9.987631","32.000000","1.602065","32.000000","0","32.000000","0","13199.494718","14592.000000","12282.000000","7497313.000000","0","0","0","0","0","0","0","76852649.000000","59982131.000000","0","0","0","0","0","0","0","0","0","0","0","0","0","0","0","0","0","0","0","0","0","0","0","0","0","0","0","0","0","0","0","0","0","0","0","0","0","0","0","0","0","0","0","0","0","0","0","0","0","0","15.06","14.66","12.000000","11.693348","12.000000","11.812628","12.000000","11.540539","6816.000000","6641.821429","0.198968","0.224194","0.192301","113.013960","13651678644","13291769940"
"6","19582","onpair-chunk-bench","127.0.0.1","onpair_u64","1","14","(64, 1, 1)","(29291, 1, 1)","0","8.9","","","","29291.000000","","","1523092.94","618815.718310","13144710.401408","1509.075660","","11.614568","","4.030595","0","144071.728857","20458185.497747","0","0","2802","2624","8160.000000","461","18176","908119415323.73","0","0","3.072000","94.952086","0","0","514.087568","5270.000000","10876.000000","1.176000","568.000000","36352.000000","36352.000000","0.103457","0","0","0","0","0","93780706","906471206","0","0","nan","0","400","2","0","1","1","1","1","1","1","1","1","402","2520000","0","8","9","0","1","1","1","No-CC","1","1","1","0","0","NVIDIA L40S","1","1","384","6","1","1","384","1","1","1","0","1","649662686","9913","32000","16","3","3","16000","16","161","407965918","1","1","0","0","0","0","1","402","0","1","0","100663296","48","24","71","1","1","134213632","1024","1024","64","24","2520000","2147483647","65535","65535","4","1","9001000","69206016","2147483647","65536","65536","255","49152","101376","102400","1024","1536","48","12","2048","32768","32768","65536","32768","2048","32768","131072","16384","16384","16384","2046","32768","32768","2048","32768","268435456","32768","131072","32768","32768","65536","32768","2048","32768","65000","2097120","131072","32768","32768","131072","16384","32768","16384","8192","16384","8192","2046","32768","32768","1","9001000","1","9","0","0","0","0","142","8","4","1","0","0","0","141","0","0","1","17","1024","8","64","1","1","512","0","0","512","32","65536","47665709056","1","0","1","32","8.000000","15.806438","8.000000","15.829940","8.000000","15.785991","96.000000","189.677260","1.457947","13.635089","117.702092","891.538560","8.337896","71.975168","24473804.000000","21.972985","24510192.000000","22.005655","24442144.000000","21.944560","293685648.000000","21.972985","111381333.333333","8.991972","111381504.000000","8.991986","111380992.000000","8.991945","1336576000.000000","107.903670","45560832.000000","27860580.000000","17.399532","17.421932","17.384286","17.399532","79.924322","2196.000000","0.002774","2485.000000","0.003140","3072.000000","0.001941","13191841.333333","1.064996","13191845.000000","1.064996","13191839.000000","1.064996","158302096.000000","12.779952","32.676616","32.698161","32.648329","32.676616","26.133708","26.176630","26.103226","26.133708","86.595918","86.655793","86.542844","86.595918","0","0","0","0","86.595918","86.655793","86.542844","86.595918","21.972985","22.005655","21.944560","21.972985","12.386752","12.386752","12.386752","12.386752","0","0","0","0","0","0","0","906440142","13109123.704225","13189662.000000","12980177.000000","1861495566.000000","13191841.295775","1.064996","13191845.000000","1.064996","13191839.000000","1.064996","1873241464.000000","151.229432","0","0","0","0","1.853252","2.067596","1.797219","1.853252","0.933101","1.041057","0.904545","0.933101","11.544700","12.933782","11.170071","11.544700","58582","0.003127","0","0","0","0","0","0","0","0","0","0","0","0","0","0","4.691080","5.276473","4.499175","4.691080","1","49.962556","1","55.723405","1","48.421572","87880078.000000","4.691337","142","7.094683","14.615666","16.156380","14.170122","14.615666","38.966595","43.891894","37.455113","38.966595","16.442992","27.430713","1.327466","0","0","0","0","513843495.000000","27.430713","0","0","0","0","0","0","1.175550","1.961089","94.903778","1.961089","2.193621","1.899060","1.961089","0","0","36732402.000000","1.960901","0","0","0","0","0","0","0","0","77458075","4.134975","0","0","84445136","4.507969","0","0","0","0","0","0","0","0","0","0","0","0","0","0","0","0","76852649","4.102656","0","0","59982131","3.202050","0","0","0","0","0","0","0","0","0","0","0","0","0","0","92.373154","0","80.009376","0","96.786139","0","0","0","0","0","0","0","0","0","0","183744172.000000","147012566.000000","36731606.000000","0","0","0","514804822.000000","498259709.000000","16545113.000000","0","0","0","0","0","0","0","0","0","0","0","0","0","0","0","0","0","0","0","0","0","0","0","0","0","0","0.000091","0.000091","0.000091","0.000091","77.933189","77.933189","87.704595","87.704595","75.287360","75.287360","77.933189","77.933189","0","64","1","1","64","1","0","CachePreferNone","1","29291","1","1","29291","","24.000000","24.000000","32.000000","24.000000","2540","5264","576","18.874368","34","40.000000","32.768000","1.024000","1.024000","1.024000","0","0","142","1024","14","1874624","71","all","0","0","0","0","0","8.59","0","0","17511015.583333","17519075.000000","17504150.000000","840528748.000000","17582229.000000","1.419438","17582229.000000","1.419438","17582229.000000","1.419438","843946992.000000","68.133034","0","0","0","0","18.063838","18.076059","18.047780","18.063838","4.258506","4.263032","4.253522","4.258506","0.000000","0.000011","0","0.000000","0","0","0","0","0","0","0","0","0","2.177543","2","61.817764","2.201507","2","62.498062","2.173459","2","61.701809","2.177543","96","2.967253","220981286.000000","768.000000","220567408.000000","0","0","12802583.000000","0","207737581.000000","93.483226","4.783598","99.814785","11490554.895833","32.676616","2.000000","0.653532","11498131.000000","32.698161","11480608.000000","32.648329","551546635.000000","32.676616","44.527140","35931596.000000","0","2.000000","0.014277","8.000000","0.001142","963943.000000","77.820481","7603.000000","953099.000000","0","0","0","0","515595335.000000","35931399.000000","515603585.000000","35933151.000000","0.000364","1.000000","0.000004","3072.000000","248.006903","243.000000","0","0","2829.000000","243.000000","32.619104","2.000000","0.652382","32.641262","32.590854","550575897.000000","32.619104","44.448771","34978258.000000","0","0","34978265.000000","0","24.000000","0","0","0","0","0","0","0","0","0","0","0","0","0","0","0","0","0","0","0","0","0","0","0","0","0","0","0","0","0","0","0","0","0","0","0","0","0","0","0","0","0","0","0","0","0","0","515600700.000000","34978280.000000","515592718.000000","728714.166667","728798.000000","728653.000000","34978280.000000","0","1.000000","0","0","0","0","0","0","1.000000","0","0","0","0","0","0","0","0","0","0","0","2.176126","2.000000","0.043523","36730705.000000","2.965322","0","0","0","0","0","0","1749874.000000","34978262.000000","1749874.000000","34978258.000000","0","1.000000","0","0","0","0","0","60.886119","1.000000","0.608861","513846571.000000","41.483560","0","0","0","0","0","0","513841158.000000","8.000000","513841158.000000","8.000000","26.183572","26.228688","26.153789","26.183572","86.595918","86.655793","86.542844","86.595918","86.595918","86.655793","86.542844","86.595918","0","0","323681241","0","0","698548994","184461426","0","0","1","1","1","1","0","0","0","0","0","0","0","0","1","0","0","0","0","0","0","0","0","0","0","0","0.000000","0.000000","0.000000","0.000000","2.934748","2.934748","2.934748","2.934748","0","0","0","55.967744","1","1","4.000000","0","2","1.887437","1.887437","1.887437","81.159797","1.887437","1.887437","1.887437","81.159797","43.000000","0","1","1","1","1","76852649.000000","59982131.000000","0","0","906440142","906440142","906440142","906440142","0","no data","no data","0","0","0","0","13291769940","13291769940","13291769940","13291769940","13109123.704225","13189662.000000","12980177.000000","1861495566.000000","13191841.295775","1.064996","13191845.000000","1.064996","13191839.000000","1.064996","1873241464.000000","151.229432","83.385049","17725.000000","0.001892","12.097629","0.486959","0.483905","13.372913","0.538292","0.534917","11.728810","0.472113","0.469152","12.097629","69.148116","68.714532","0.006294","0.006255","0.006957","0.006913","0.006103","0.006064","0.006294","0.006255","11.941953","11.867072","13.316680","13.233179","11.579069","11.506464","11.941953","11.867072","0.328831","0.326769","0.366685","0.364386","0.318837","0.316838","0.328831","0.326769","1.207143","1.346165","1.170466","1.207143","2.072101","2.059108","2.310681","2.296192","2.009158","1.996560","2.072101","2.059108","0","0","0","0","0","0","0","0","0","0","0","0","0","0","0","0","0","0","0","0","0","0","14.707890","14.615666","16.401096","16.298256","14.259382","14.169970","14.707890","14.615666","0","0","0","0","0","0","0","0","0","0","0","0","1.862873","1.851192","2.077294","2.064268","1.806112","1.794787","1.862873","1.851192","0","0","0","0","0","0","0","0","12.099514","0.487034","13.492182","0.543093","11.730895","0.472197","12.099514","69.158889","12.099514","13.492182","11.730895","12.099514","0","0","0","0","12.099514","13.492182","11.730895","12.099514","48.000000","100.000000","14.615666","16.298256","14.169970","14.615666","0","0","0","0","2.341270","2.636777","2.289802","2.341270","4.873974","5.435056","4.725345","4.873974","3.988035","4.414183","3.862266","3.988035","3.209618","3.548466","3.111234","3.209618","0","0","1024","1090555900923.28","0","0","0","0","1024","1090555900923.28","0","0","0","0","1024","1090555900923.28","0","0","0","0","145408","154858937931105.75","0","0","0","0","2048","2181111801846.56","0","0","0","0","2048","2181111801846.56","0","0","0","0","2048","2181111801846.56","0","0","0","0","290816","309717875862211.50","0","0","0","0","1024","1090555900923.28","0","0","0","0","1024","1090555900923.28","0","0","0","0","1024","1090555900923.28","0","0","0","0","145408","154858937931105.75","0","0","0","0","2048","2181111801846.56","0","0","0","0","2048","2181111801846.56","0","0","0","0","2048","2181111801846.56","0","0","0","0","290816","309717875862211.50","0","0","0","0","1024","1090555900923.28","0","0","0","0","1024","1090555900923.28","0","0","0","0","1024","1090555900923.28","0","0","0","0","145408","154858937931105.75","0","0","0","0","2048","2181111801846.56","0","0","0","0","2048","2181111801846.56","0","0","0","0","2048","2181111801846.56","0","0","0","0","290816","309717875862211.50","0","0","0","0","3.61","3839985566.63","0","0","0","0","3.61","3839985566.63","0","0","0","0","3.61","3839985566.63","0","0","0","0","512","545277950461.64","0","0","0","0","2048","2181111801846.56","0","0","0","0","2048","2181111801846.56","0","0","0","0","2048","2181111801846.56","0","0","0","0","290816","309717875862211.50","0","0","0","0","4096","4362223603693.12","0","0","0","0","4096","4362223603693.12","0","0","0","0","4096","4362223603693.12","0","0","0","0","581632","619435751724423","0","0","0","0","16384","17448894414772.48","0","0","0","0","16384","17448894414772.48","0","0","0","0","16384","17448894414772.48","0","0","0","0","2326528","2477743006897692","0","0","0","0","4096","4362223603693.12","0","0","0","0","4096","4362223603693.12","0","0","0","0","4096","4362223603693.12","0","0","0","0","581632","619435751724423","0","0","0","0","8192","8724447207386.24","0","0","0","0","8192","8724447207386.24","0","0","0","0","8192","8724447207386.24","0","0","0","0","1163264","1238871503448846","0","0","0","0","2048","2181111801846.56","0","0","0","0","2048","2181111801846.56","0","0","0","0","2048","2181111801846.56","0","0","0","0","290816","309717875862211.50","0","0","0","0","4096","4362223603693.12","0","0","0","0","4096","4362223603693.12","0","0","0","0","4096","4362223603693.12","0","0","0","0","581632","619435751724423","0","0","0","0","512","545277950461.64","0","0","0","0","512","545277950461.64","0","0","0","0","512","545277950461.64","0","0","0","0","72704","77429468965552.88","0","0","0","0","1024","1090555900923.28","0","0","0","0","1024","1090555900923.28","0","0","0","0","1024","1090555900923.28","0","0","0","0","145408","154858937931105.75","0","0","11.941953","11.867072","13.316680","13.233179","11.579069","11.506464","11.941953","11.867072","2.124810","2.111486","2.369012","2.354158","2.061295","2.048370","2.124810","2.111486","4.222973","4.708315","4.096740","4.222973","0","0","0","0","0","0","0","0","0","0","0","0","0","0","0","0","0","0","0","0","0","0","0","0","0","0","0","0","0","0","0","0","0","0","0","2.000000","2.000000","2.000000","284.000000","128.000000","128.000000","128.000000","18176.000000","64.000000","64.000000","64.000000","9088.000000","14.615666","16.298256","14.169970","14.615666","97.428276","46.765572","98.073199","47.075136","96.839479","46.482950","97.428276","6640.711291","96.089065","96.104035","0","0.360636","0.004787","0.025427","0.000653","35.322427","55.355962","0.037028","0","0.087079","0.000321","0.156815","0.634474","0.999999","0.020292","0","0","2.778192","7497313","13132054.211268","13256762.000000","13038752.000000","7459006792.000000","13191841.295775","1.064996","13191845.000000","1.064996","13191839.000000","1.064996","7492965856.000000","604.917726","99.997515","217792060.000000","2.906620","1595900.010563","1764150.000000","1546962.000000","906471206.000000","165106.876761","185716.000000","158493.000000","93780706.000000","0","0","0","0","0","0","0","0","0","0","0","0","0","0","0","0","0","0","0","0","0","0","0","0","1596148.635563","1779912.000000","1547369.000000","906612425.000000","12.154600","0.12","13.553950","0.14","11.783145","0.12","12.154600","69.04","87.845400","87.395695","87.506363","87.845400","12.000000","2","33.554432","0","7","4096.000000","454728","0","0","1725","1520","26","11","114","105","18","17","164784","149025","264894","235843","163","105","0","0","372","343","1","1","806","700","3018","0","4903","0","104","92","0","0","0","0","13800","11856","90.469733","32.000000","9.987631","32.000000","1.602065","32.000000","0","32.000000","0","13199.494718","14592.000000","12283.000000","7497313.000000","0","0","0","0","0","0","0","76852649.000000","59982131.000000","0","0","0","0","0","0","0","0","0","0","0","0","0","0","0","0","0","0","0","0","0","0","0","0","0","0","0","0","0","0","0","0","0","0","0","0","0","0","0","0","0","0","0","0","0","0","0","0","0","0","15.06","14.66","12.000000","11.679241","12.000000","11.778996","12.000000","11.547460","6816.000000","6633.809073","0.198664","0.223385","0.191613","112.841365","13651678644","13291769940"
"7","19582","onpair-chunk-bench","127.0.0.1","onpair_u64","1","14","(64, 1, 1)","(29291, 1, 1)","0","8.9","","","","29291.000000","","","1522940.03","618799.281690","13136565.704225","1508.039248","","11.629265","","4.035694","0","144026.870077","20451815.550874","0","0","2802","2624","8160.000000","461","18176","906413569041.63","0","0","3.072000","94.731136","0","0","514.087568","5270.000000","10876.000000","1.176000","568.000000","36352.000000","36352.000000","0.103457","0","0","0","0","0","93780706","906471206","0","0","nan","0","400","2","0","1","1","1","1","1","1","1","1","402","2520000","0","8","9","0","1","1","1","No-CC","1","1","1","0","0","NVIDIA L40S","1","1","384","6","1","1","384","1","1","1","0","1","649662686","9913","32000","16","3","3","16000","16","161","407965918","1","1","0","0","0","0","1","402","0","1","0","100663296","48","24","71","1","1","134213632","1024","1024","64","24","2520000","2147483647","65535","65535","4","1","9001000","69206016","2147483647","65536","65536","255","49152","101376","102400","1024","1536","48","12","2048","32768","32768","65536","32768","2048","32768","131072","16384","16384","16384","2046","32768","32768","2048","32768","268435456","32768","131072","32768","32768","65536","32768","2048","32768","65000","2097120","131072","32768","32768","131072","16384","32768","16384","8192","16384","8192","2046","32768","32768","1","9001000","1","9","0","0","0","0","142","8","4","1","0","0","0","141","0","0","1","17","1024","8","64","1","1","512","0","0","512","32","65536","47665709056","1","0","1","32","8.000000","15.775995","8.000000","15.796444","8.000000","15.761253","96.000000","189.311946","1.457812","13.607911","117.467253","891.619072","8.322797","71.844692","24473238.666667","21.930708","24504960.000000","21.959134","24450368.000000","21.910214","293678864.000000","21.930708","111593472.000000","8.991955","111593472.000000","8.991955","111593472.000000","8.991955","1339121664.000000","107.903461","45556620.000000","27863096.000000","17.367870","17.383273","17.353058","17.367870","80.197604","2229.000000","0.002811","2485.000000","0.003134","3072.000000","0.001937","13216976.166667","1.064995","13216978.000000","1.064995","13216975.000000","1.064995","158603714.000000","12.779936","32.618305","32.638088","32.590563","32.618305","26.083880","26.127050","26.048442","26.083880","86.442308","86.497508","86.387731","86.442308","0","0","0","0","86.442308","86.497508","86.387731","86.442308","21.930708","21.959134","21.910214","21.930708","12.410368","12.410368","12.410368","12.410368","0","0","0","0","0","0","0","906440142","13124521.007042","13214851.000000","13047236.000000","1863681983.000000","13216976.183099","1.064995","13216978.000000","1.064995","13216975.000000","1.064995","1876810618.000000","151.229248","0","0","0","0","1.849725","2.064822","1.792136","1.849725","0.931259","1.039777","0.902027","0.931259","11.521799","12.915708","11.135868","11.521799","58582","0.003121","0","0","0","0","0","0","0","0","0","0","0","0","0","0","4.682239","5.224130","4.582160","4.682239","1","49.868704","1","55.643314","1","48.314119","87882234.000000","4.682531","142","7.081356","14.587872","16.267110","14.143704","14.587872","38.891694","43.390938","38.055860","38.891694","16.442932","27.378449","1.324935","0","0","0","0","513841636.000000","27.378449","0","0","0","0","0","0","1.175503","1.957282","94.719455","1.957282","2.188610","1.894677","1.957282","0","0","36737124.000000","1.957423","0","0","0","0","0","0","0","0","77458075","4.127112","0","0","84445136","4.499396","0","0","0","0","0","0","0","0","0","0","0","0","0","0","0","0","76852649","4.094854","0","0","59982131","3.195961","0","0","0","0","0","0","0","0","0","0","0","0","0","0","92.372060","0","80.006711","0","96.786053","0","0","0","0","0","0","0","0","0","0","183744172.000000","147007668.000000","36736504.000000","0","0","0","514804822.000000","498259270.000000","16545552.000000","0","0","0","0","0","0","0","0","0","0","0","0","0","0","0","0","0","0","0","0","0","0","0","0","0","0","0.000091","0.000091","0.000091","0.000091","77.783388","77.783388","86.719813","86.719813","76.126641","76.126641","77.783388","77.783388","0","64","1","1","64","1","0","CachePreferNone","1","29291","1","1","29291","","24.000000","24.000000","32.000000","24.000000","2540","5264","576","18.874368","34","40.000000","32.768000","1.024000","1.024000","1.024000","0","0","142","1024","14","1874624","71","all","0","0","0","0","0","8.59","0","0","17567925.250000","17577695.000000","17560661.000000","843260412.000000","17613875.000000","1.419287","17613875.000000","1.419287","17613875.000000","1.419287","845466000.000000","68.125780","0","0","0","0","18.031804","18.042537","18.017591","18.031804","4.249270","4.254112","4.244682","4.249270","0.000000","0.000011","0","0.000000","0","0","0","0","0","0","0","0","0","2.172708","2","61.673917","2.196527","2","62.350045","2.168716","2","61.560624","2.172708","96","2.960348","220986155.000000","768.000000","220545135.000000","0","0","12783771.000000","0","207742885.000000","93.483142","4.771523","99.812509","11490694.875000","32.618305","2.000000","0.652366","11497664.000000","32.638088","11480922.000000","32.590563","551553354.000000","32.618305","44.442949","35926955.000000","0","2.000000","0.013980","8.000000","0.001118","945589.000000","76.193470","8072.000000","948422.000000","0","0","0","0","515596347.000000","35926992.000000","515609406.000000","35934098.000000","0.000363","1.000000","0.000004","3072.000000","247.534964","243.000000","0","0","2829.000000","243.000000","32.560668","2.000000","0.651213","32.582598","32.533190","550578760.000000","32.560668","44.364419","34978246.000000","0","0","34978262.000000","0","19.000000","0","0","0","0","0","0","0","0","0","0","0","0","0","0","0","0","0","0","0","0","0","0","0","0","0","0","0","0","0","0","0","0","0","0","0","0","0","0","0","0","0","0","0","0","0","0","515590649.000000","34978270.000000","515599532.000000","728713.958333","728804.000000","728654.000000","34978270.000000","0","1.000000","0","0","0","0","0","0","1.000000","0","0","0","0","0","0","0","0","0","0","0","2.172106","2.000000","0.043442","36728838.000000","2.959529","0","0","0","0","0","0","1756703.000000","34978246.000000","1756703.000000","34978236.000000","0","1.000000","0","0","0","0","0","60.776455","1.000000","0.607765","513844265.000000","41.404434","0","0","0","0","0","0","513845000.000000","32.000000","513845000.000000","32.000000","26.136161","26.180548","26.103137","26.136161","86.442308","86.497508","86.387731","86.442308","86.442308","86.497508","86.387731","86.442308","0","0","323681241","0","0","698548994","184461426","0","0","1","1","1","1","0","0","0","0","0","0","0","0","1","0","0","0","0","0","0","0","0","0","0","0","0.000000","0.000000","0.000000","0.000000","2.929164","2.929164","2.929164","2.929164","0","0","0","55.967744","1","1","4.000000","0","2","1.887437","1.887437","1.887437","81.159797","1.887437","1.887437","1.887437","81.159797","43.000000","0","1","1","1","1","76852649.000000","59982131.000000","0","0","906440142","906440142","906440142","906440142","0","no data","no data","0","0","0","0","13291769940","13291769940","13291769940","13291769940","13124521.007042","13214851.000000","13047236.000000","1863681983.000000","13216976.183099","1.064995","13216978.000000","1.064995","13216975.000000","1.064995","1876810618.000000","151.229248","83.382204","17734.000000","0.001890","12.074623","0.486387","0.482985","13.464568","0.542377","0.538583","11.706950","0.471577","0.468278","12.074623","69.066993","68.583857","0.006287","0.006243","0.007010","0.006961","0.006095","0.006053","0.006287","0.006243","11.927943","11.844504","13.300790","13.207749","11.564700","11.483803","11.927943","11.844504","0.328445","0.326148","0.366250","0.363688","0.318450","0.316222","0.328445","0.326148","1.204844","1.343545","1.168195","1.204844","2.069670","2.055192","2.307951","2.291806","2.006662","1.992625","2.069670","2.055192","0","0","0","0","0","0","0","0","0","0","0","0","0","0","0","0","0","0","0","0","0","0","14.690635","14.587872","16.380788","16.266202","14.101421","14.002779","14.690635","14.587872","0","0","0","0","0","0","0","0","0","0","0","0","1.860687","1.847671","2.074895","2.060381","1.804100","1.791480","1.860687","1.847671","0","0","0","0","0","0","0","0","12.076497","0.486463","13.466768","0.542465","11.709219","0.471668","12.076497","69.077716","12.076497","13.466768","11.709219","12.076497","0","0","0","0","12.076497","13.466768","11.709219","12.076497","48.000000","100.000000","14.587872","16.266202","14.002779","14.587872","0","0","0","0","2.337031","2.613003","2.265919","2.337031","4.864705","5.424387","4.669611","4.864705","3.980161","4.441576","3.857736","3.980161","3.203514","3.572875","3.105567","3.203514","0","0","1024","1090554575939.49","0","0","0","0","1024","1090554575939.49","0","0","0","0","1024","1090554575939.49","0","0","0","0","145408","154858749783406.91","0","0","0","0","2048","2181109151878.97","0","0","0","0","2048","2181109151878.97","0","0","0","0","2048","2181109151878.97","0","0","0","0","290816","309717499566813.81","0","0","0","0","1024","1090554575939.49","0","0","0","0","1024","1090554575939.49","0","0","0","0","1024","1090554575939.49","0","0","0","0","145408","154858749783406.91","0","0","0","0","2048","2181109151878.97","0","0","0","0","2048","2181109151878.97","0","0","0","0","2048","2181109151878.97","0","0","0","0","290816","309717499566813.81","0","0","0","0","1024","1090554575939.49","0","0","0","0","1024","1090554575939.49","0","0","0","0","1024","1090554575939.49","0","0","0","0","145408","154858749783406.91","0","0","0","0","2048","2181109151878.97","0","0","0","0","2048","2181109151878.97","0","0","0","0","2048","2181109151878.97","0","0","0","0","290816","309717499566813.81","0","0","0","0","3.61","3839980901.20","0","0","0","0","3.61","3839980901.20","0","0","0","0","3.61","3839980901.20","0","0","0","0","512","545277287969.74","0","0","0","0","2048","2181109151878.97","0","0","0","0","2048","2181109151878.97","0","0","0","0","2048","2181109151878.97","0","0","0","0","290816","309717499566813.81","0","0","0","0","4096","4362218303757.94","0","0","0","0","4096","4362218303757.94","0","0","0","0","4096","4362218303757.94","0","0","0","0","581632","619434999133627.62","0","0","0","0","16384","17448873215031.76","0","0","0","0","16384","17448873215031.76","0","0","0","0","16384","17448873215031.76","0","0","0","0","2326528","2477739996534510.50","0","0","0","0","4096","4362218303757.94","0","0","0","0","4096","4362218303757.94","0","0","0","0","4096","4362218303757.94","0","0","0","0","581632","619434999133627.62","0","0","0","0","8192","8724436607515.88","0","0","0","0","8192","8724436607515.88","0","0","0","0","8192","8724436607515.88","0","0","0","0","1163264","1238869998267255.25","0","0","0","0","2048","2181109151878.97","0","0","0","0","2048","2181109151878.97","0","0","0","0","2048","2181109151878.97","0","0","0","0","290816","309717499566813.81","0","0","0","0","4096","4362218303757.94","0","0","0","0","4096","4362218303757.94","0","0","0","0","4096","4362218303757.94","0","0","0","0","581632","619434999133627.62","0","0","0","0","512","545277287969.74","0","0","0","0","512","545277287969.74","0","0","0","0","512","545277287969.74","0","0","0","0","72704","77429374891703.45","0","0","0","0","1024","1090554575939.49","0","0","0","0","1024","1090554575939.49","0","0","0","0","1024","1090554575939.49","0","0","0","0","145408","154858749783406.91","0","0","11.927943","11.844504","13.300790","13.207749","11.564700","11.483803","11.927943","11.844504","2.122317","2.107471","2.406183","2.389351","2.058648","2.044248","2.122317","2.107471","4.214942","4.778703","4.088496","4.214942","0","0","0","0","0","0","0","0","0","0","0","0","0","0","0","0","0","0","0","0","0","0","0","0","0","0","0","0","0","0","0","0","0","0","0","2.000000","2.000000","2.000000","284.000000","128.000000","128.000000","128.000000","18176.000000","64.000000","64.000000","64.000000","9088.000000","14.587872","16.266202","14.002779","14.587872","97.092017","46.604168","97.690506","46.891443","96.215928","46.183646","97.092017","6617.791888","96.019409","96.034316","0","0.360685","0.004781","0.025445","0.000651","35.504994","55.439190","0.036963","0","0.087138","0.000321","0.156786","0.634543","0.999999","0.020374","0","0","2.778210","7497313","13118936.602113","13196481.000000","13014934.000000","7451555990.000000","13216976.183099","1.064995","13216978.000000","1.064995","13216975.000000","1.064995","7507242472.000000","604.916991","99.997633","217792060.000000","2.901093","1595900.010563","1779625.000000","1546783.000000","906471206.000000","165106.876761","184115.000000","161629.000000","93780706.000000","0","0","0","0","0","0","0","0","0","0","0","0","0","0","0","0","0","0","0","0","0","0","0","0","1596147.771127","1779930.000000","1547277.000000","906611934.000000","12.166747","0.12","13.567639","0.14","11.794226","0.12","12.166747","69.11","87.833253","87.023448","87.413007","87.833253","12.000000","2","33.554432","0","7","4096.000000","454617","0","0","1747","1560","24","12","114","102","18","17","165056","149121","264668","235381","164","104","0","0","410","390","1","1","826","717","2844","0","4941","0","97","85","0","0","0","0","13707","11779","90.469733","32.000000","9.987631","32.000000","1.602065","32.000000","0","32.000000","0","13199.494718","14592.000000","12284.000000","7497313.000000","0","0","0","0","0","0","0","76852649.000000","59982131.000000","0","0","0","0","0","0","0","0","0","0","0","0","0","0","0","0","0","0","0","0","0","0","0","0","0","0","0","0","0","0","0","0","0","0","0","0","0","0","0","0","0","0","0","0","0","0","0","0","0","0","15.06","14.66","12.000000","11.682438","12.000000","11.786560","12.000000","11.565033","6816.000000","6635.624872","0.198874","0.224599","0.193124","112.960436","13651678644","13291769940"
"8","19582","onpair-chunk-bench","127.0.0.1","onpair_u64","1","14","(64, 1, 1)","(29291, 1, 1)","0","8.9","","","","29291.000000","","","1523246.60","618890.640845","13112652.781690","1508.689461","","11.644004","","4.040809","0","143721.398724","20408438.618764","0","0","2802","2624","8160.000000","461","18176","906458608844.55","0","0","3.072000","94.749154","0","0","514.087568","5270.000000","10876.000000","1.176000","568.000000","36352.000000","36352.000000","0.103457","0","0","0","0","0","93780706","906471206","0","0","nan","0","400","2","0","1","1","1","1","1","1","1","1","402","2520000","0","8","9","0","1","1","1","No-CC","1","1","1","0","0","NVIDIA L40S","1","1","384","6","1","1","384","1","1","1","0","1","649662686","9913","32000","16","3","3","16000","16","161","407965918","1","1","0","0","0","0","1","402","0","1","0","100663296","48","24","71","1","1","134213632","1024","1024","64","24","2520000","2147483647","65535","65535","4","1","9001000","69206016","2147483647","65536","65536","255","49152","101376","102400","1024","1536","48","12","2048","32768","32768","65536","32768","2048","32768","131072","16384","16384","16384","2046","32768","32768","2048","32768","268435456","32768","131072","32768","32768","65536","32768","2048","32768","65000","2097120","131072","32768","32768","131072","16384","32768","16384","8192","16384","8192","2046","32768","32768","1","9001000","1","9","0","0","0","0","142","8","4","1","0","0","0","141","0","0","1","17","1024","8","64","1","1","512","0","0","512","32","65536","47665709056","1","0","1","32","8.000000","15.767891","8.000000","15.791358","8.000000","15.749476","96.000000","189.214687","1.456878","13.601280","117.410136","890.983040","8.318139","71.804551","24456881.333333","21.919419","24493280.000000","21.952041","24428320.000000","21.893821","293482576.000000","21.919419","111576320.000000","8.991964","111576576.000000","8.991985","111576064.000000","8.991944","1338915840.000000","107.903570","45527424.000000","27843220.000000","17.358912","17.377525","17.351592","17.358912","79.840235","2179.000000","0.002748","2485.000000","0.003134","3072.000000","0.001937","13214946.583333","1.064996","13214948.000000","1.064996","13214945.000000","1.064996","158579359.000000","12.779951","32.622548","32.647343","32.594678","32.622548","26.090763","26.129111","26.059081","26.090763","86.456142","86.519419","86.398638","86.456142","0","0","0","0","86.456142","86.519419","86.398638","86.456142","21.919419","21.952041","21.893821","21.919419","12.408448","12.408448","12.408448","12.408448","0","0","0","0","0","0","0","906440142","13127981.176056","13212863.000000","12974319.000000","1864173327.000000","13214946.577465","1.064996","13214948.000000","1.064996","13214945.000000","1.064996","1876522414.000000","151.229422","0","0","0","0","1.850015","2.046113","1.774350","1.850015","0.931374","1.030653","0.893029","0.931374","11.523665","12.787316","11.053227","11.523665","58582","0.003122","0","0","0","0","0","0","0","0","0","0","0","0","0","0","4.682801","5.224788","4.582712","4.682801","1","49.871182","1","55.690365","1","48.330218","87873004.000000","4.682758","142","7.081708","14.590112","16.128132","14.005081","14.590112","38.898796","43.459078","38.002787","38.898796","16.442801","27.382435","1.325130","0","0","0","0","513837531.000000","27.382435","0","0","0","0","0","0","1.175679","1.957875","94.748275","1.957875","2.188022","1.895483","1.957875","0","0","36736141.000000","1.957671","0","0","0","0","0","0","0","0","77458075","4.127746","0","0","84445136","4.500087","0","0","0","0","0","0","0","0","0","0","0","0","0","0","0","0","76852649","4.095483","0","0","59982131","3.196452","0","0","0","0","0","0","0","0","0","0","0","0","0","0","92.375639","0","80.007432","0","96.787910","0","0","0","0","0","0","0","0","0","0","183744172.000000","147008993.000000","36735179.000000","0","0","0","514804822.000000","498268827.000000","16535995.000000","0","0","0","0","0","0","0","0","0","0","0","0","0","0","0","0","0","0","0","0","0","0","0","0","0","0","0.000091","0.000091","0.000091","0.000091","77.797591","77.797591","86.861751","86.861751","76.120853","76.120853","77.797591","77.797591","0","64","1","1","64","1","0","CachePreferNone","1","29291","1","1","29291","","24.000000","24.000000","32.000000","24.000000","2540","5264","576","18.874368","34","40.000000","32.768000","1.024000","1.024000","1.024000","0","0","142","1024","14","1874624","71","all","0","0","0","0","0","8.59","0","0","17577301.666667","17588599.000000","17565026.000000","843710480.000000","17611185.000000","1.419290","17611185.000000","1.419290","17611185.000000","1.419290","845336880.000000","68.125916","0","0","0","0","18.033389","18.047814","18.019389","18.033389","4.250515","4.254796","4.244059","4.250515","0.000000","0.000011","0","0.000000","0","0","0","0","0","0","0","0","0","2.173117","2","61.685647","2.196073","2","62.337288","2.168818","2","61.563622","2.173117","96","2.960911","220976322.000000","768.000000","220518769.000000","0","0","12797046.000000","0","207742715.000000","93.486593","4.792221","99.815827","11490434.500000","32.622548","2.000000","0.652451","11499168.000000","32.647343","11480618.000000","32.594678","551540856.000000","32.622548","44.448819","35931734.000000","0","2.000000","0.014069","8.000000","0.001126","951440.000000","76.676793","6310.000000","953238.000000","0","0","0","0","515607085.000000","35933362.000000","515616758.000000","35939718.000000","0.000363","1.000000","0.000004","3072.000000","247.573266","243.000000","0","0","2829.000000","243.000000","32.565341","2.000000","0.651307","32.586978","32.539395","550573672.000000","32.565341","44.370873","34978263.000000","0","0","34978253.000000","0","8.000000","0","0","0","0","0","0","0","0","0","0","0","0","0","0","0","0","0","0","0","0","0","0","0","0","0","0","0","0","0","0","0","0","0","0","0","0","0","0","0","0","0","0","0","0","0","0","515596603.000000","34978285.000000","515598711.000000","728714.270833","728798.000000","728652.000000","34978285.000000","0","1.000000","0","0","0","0","0","0","1.000000","0","0","0","0","0","0","0","0","0","0","0","2.172620","2.000000","0.043452","36731909.000000","2.960234","0","0","0","0","0","0","1754407.000000","34978269.000000","1754407.000000","34978331.000000","0","1.000000","0","0","0","0","0","60.785714","1.000000","0.607857","513844056.000000","41.410824","0","0","0","0","0","0","513847994.000000","6.000000","513847994.000000","6.000000","26.137465","26.185898","26.103979","26.137465","86.456142","86.519419","86.398638","86.456142","86.456142","86.519419","86.398638","86.456142","0","0","323681241","0","0","698548994","184461426","0","0","1","1","1","1","0","0","0","0","0","0","0","0","1","0","0","0","0","0","0","0","0","0","0","0","0.000000","0.000000","0.000000","0.000000","2.970879","2.970879","2.970879","2.970879","0","0","0","55.771136","1","1","4.000000","0","2","1.887437","1.887437","1.887437","81.159797","1.887437","1.887437","1.887437","81.159797","43.000000","0","1","1","1","1","76852649.000000","59982131.000000","0","0","906440142","906440142","906440142","906440142","0","no data","no data","0","0","0","0","13291769940","13291769940","13291769940","13291769940","13127981.176056","13212863.000000","12974319.000000","1864173327.000000","13214946.577465","1.064996","13214948.000000","1.064996","13214945.000000","1.064996","1876522414.000000","151.229422","83.068188","17789.000000","0.001896","12.076477","0.486259","0.483059","13.349532","0.537519","0.533981","11.592213","0.466760","0.463689","12.076477","69.048789","68.594391","0.006285","0.006244","0.006947","0.006901","0.006033","0.005993","0.006285","0.006244","11.924799","11.846324","13.297551","13.210042","11.562570","11.486479","11.924799","11.846324","0.328359","0.326198","0.366155","0.363745","0.318385","0.316290","0.328359","0.326198","1.205028","1.343789","1.168404","1.205028","2.069124","2.055508","2.307362","2.292177","2.006281","1.993078","2.069124","2.055508","0","0","0","0","0","0","0","0","0","0","0","0","0","0","0","0","0","0","0","0","0","0","14.686763","14.590112","16.519417","16.410706","14.238518","14.144817","14.686763","14.590112","0","0","0","0","0","0","0","0","0","0","0","0","1.860197","1.847955","2.056222","2.042691","1.785655","1.773904","1.860197","1.847955","0","0","0","0","0","0","0","0","12.078349","0.486334","13.351115","0.537582","11.594409","0.466849","12.078349","69.059492","12.078349","13.351115","11.594409","12.078349","0","0","0","0","12.078349","13.351115","11.594409","12.078349","48.000000","100.000000","14.590112","16.410706","14.144817","14.590112","0","0","0","0","2.336967","2.607233","2.284629","2.336967","4.865452","5.472536","4.716937","4.865452","3.981179","4.412663","3.828809","3.981179","3.204006","3.542413","3.074905","3.204006","0","0","1024","1090555829006.49","0","0","0","0","1024","1090555829006.49","0","0","0","0","1024","1090555829006.49","0","0","0","0","145408","154858927718921.81","0","0","0","0","2048","2181111658012.98","0","0","0","0","2048","2181111658012.98","0","0","0","0","2048","2181111658012.98","0","0","0","0","290816","309717855437843.62","0","0","0","0","1024","1090555829006.49","0","0","0","0","1024","1090555829006.49","0","0","0","0","1024","1090555829006.49","0","0","0","0","145408","154858927718921.81","0","0","0","0","2048","2181111658012.98","0","0","0","0","2048","2181111658012.98","0","0","0","0","2048","2181111658012.98","0","0","0","0","290816","309717855437843.62","0","0","0","0","1024","1090555829006.49","0","0","0","0","1024","1090555829006.49","0","0","0","0","1024","1090555829006.49","0","0","0","0","145408","154858927718921.81","0","0","0","0","2048","2181111658012.98","0","0","0","0","2048","2181111658012.98","0","0","0","0","2048","2181111658012.98","0","0","0","0","290816","309717855437843.62","0","0","0","0","3.61","3839985313.40","0","0","0","0","3.61","3839985313.40","0","0","0","0","3.61","3839985313.40","0","0","0","0","512","545277914503.25","0","0","0","0","2048","2181111658012.98","0","0","0","0","2048","2181111658012.98","0","0","0","0","2048","2181111658012.98","0","0","0","0","290816","309717855437843.62","0","0","0","0","4096","4362223316025.97","0","0","0","0","4096","4362223316025.97","0","0","0","0","4096","4362223316025.97","0","0","0","0","581632","619435710875687.25","0","0","0","0","16384","17448893264103.87","0","0","0","0","16384","17448893264103.87","0","0","0","0","16384","17448893264103.87","0","0","0","0","2326528","2477742843502749","0","0","0","0","4096","4362223316025.97","0","0","0","0","4096","4362223316025.97","0","0","0","0","4096","4362223316025.97","0","0","0","0","581632","619435710875687.25","0","0","0","0","8192","8724446632051.93","0","0","0","0","8192","8724446632051.93","0","0","0","0","8192","8724446632051.93","0","0","0","0","1163264","1238871421751374.50","0","0","0","0","2048","2181111658012.98","0","0","0","0","2048","2181111658012.98","0","0","0","0","2048","2181111658012.98","0","0","0","0","290816","309717855437843.62","0","0","0","0","4096","4362223316025.97","0","0","0","0","4096","4362223316025.97","0","0","0","0","4096","4362223316025.97","0","0","0","0","581632","619435710875687.25","0","0","0","0","512","545277914503.25","0","0","0","0","512","545277914503.25","0","0","0","0","512","545277914503.25","0","0","0","0","72704","77429463859460.91","0","0","0","0","1024","1090555829006.49","0","0","0","0","1024","1090555829006.49","0","0","0","0","1024","1090555829006.49","0","0","0","0","145408","154858927718921.81","0","0","11.924799","11.846324","13.297551","13.210042","11.562570","11.486479","11.924799","11.846324","2.121758","2.107795","2.364891","2.349328","2.058847","2.045298","2.121758","2.107795","4.215589","4.698657","4.090595","4.215589","0","0","0","0","0","0","0","0","0","0","0","0","0","0","0","0","0","0","0","0","0","0","0","0","0","0","0","0","0","0","0","0","0","0","0","2.000000","2.000000","2.000000","284.000000","128.000000","128.000000","128.000000","18176.000000","64.000000","64.000000","64.000000","9088.000000","14.590112","16.410706","14.144817","14.590112","97.096118","46.606137","97.755610","46.922693","96.460674","46.301123","97.096118","6618.071404","95.987354","96.002233","0","0.360684","0.004793","0.025487","0.000807","35.502555","55.352701","0.036951","0","0.086033","0.000320","0.156825","0.634675","1.000000","0.020332","0","0","2.778208","7497313","13133011.994718","13269654.000000","12985749.000000","7459550813.000000","13214946.577465","1.064996","13214948.000000","1.064996","13214945.000000","1.064996","7506089656.000000","604.917686","99.997500","217792060.000000","2.901538","1595900.010563","1764150.000000","1531786.000000","906471206.000000","165106.876761","184115.000000","161646.000000","93780706.000000","0","0","0","0","0","0","0","0","0","0","0","0","0","0","0","0","0","0","0","0","0","0","0","0","1596147.382042","1764433.000000","1532043.000000","906611713.000000","12.153704","0.12","13.435098","0.13","11.665587","0.12","12.153704","69.03","87.846296","87.605349","87.213093","87.846296","12.000000","2","33.554432","0","7","4096.000000","456162","0","0","1758","1562","22","9","123","107","19","17","164947","148981","266143","236680","167","114","0","0","404","383","1","1","788","698","3041","0","4947","0","98","88","0","0","0","0","13704","11676","90.469733","32.000000","9.987631","32.000000","1.602065","32.000000","0","32.000000","0","13199.494718","14592.000000","12286.000000","7497313.000000","0","0","0","0","0","0","0","76852649.000000","59982131.000000","0","0","0","0","0","0","0","0","0","0","0","0","0","0","0","0","0","0","0","0","0","0","0","0","0","0","0","0","0","0","0","0","0","0","0","0","0","0","0","0","0","0","0","0","0","0","0","0","0","0","15.06","14.66","12.000000","11.666019","12.000000","11.778267","12.000000","11.552112","6816.000000","6626.298665","0.198679","0.223771","0.191015","112.849432","13651678644","13291769940"
"9","19582","onpair-chunk-bench","127.0.0.1","onpair_u64","1","14","(64, 1, 1)","(29291, 1, 1)","0","8.9","","","","29291.000000","","","1522877.63","618819.964789","13161246.802817","1509.016671","","11.603562","","4.026775","0","144288.793615","20489008.693318","0","0","2802","2624","8160.000000","461","18176","907418971801.46","0","0","3.072000","94.837032","0","0","514.087568","5270.000000","10876.000000","1.176000","568.000000","36352.000000","36352.000000","0.103457","0","0","0","0","0","93780706","906471206","0","0","nan","0","400","2","0","1","1","1","1","1","1","1","1","402","2520000","0","8","9","0","1","1","1","No-CC","1","1","1","0","0","NVIDIA L40S","1","1","384","6","1","1","384","1","1","1","0","1","649662686","9913","32000","16","3","3","16000","16","161","407965918","1","1","0","0","0","0","1","402","0","1","0","100663296","48","24","71","1","1","134213632","1024","1024","64","24","2520000","2147483647","65535","65535","4","1","9001000","69206016","2147483647","65536","65536","255","49152","101376","102400","1024","1536","48","12","2048","32768","32768","65536","32768","2048","32768","131072","16384","16384","16384","2046","32768","32768","2048","32768","268435456","32768","131072","32768","32768","65536","32768","2048","32768","65000","2097120","131072","32768","32768","131072","16384","32768","16384","8192","16384","8192","2046","32768","32768","1","9001000","1","9","0","0","0","0","142","8","4","1","0","0","0","141","0","0","1","17","1024","8","64","1","1","512","0","0","512","32","65536","47665709056","1","0","1","32","8.000000","15.793340","8.000000","15.807680","8.000000","15.775733","96.000000","189.520078","1.458074","13.625374","117.618199","891.344000","8.329408","71.901878","24473106.666667","21.954782","24495328.000000","21.974717","24445824.000000","21.930307","293677280.000000","21.954782","111470506.666667","8.991970","111470592.000000","8.991977","111470080.000000","8.991936","1337646080.000000","107.903644","45564820.000000","27854500.000000","17.387737","17.400837","17.377311","17.387737","80.155560","2231.000000","0.002816","2485.000000","0.003137","3072.000000","0.001939","13202384.250000","1.064994","13202389.000000","1.064995","13202380.000000","1.064994","158428611.000000","12.779931","32.655199","32.676933","32.629876","32.655199","26.113923","26.158142","26.080193","26.113923","86.541456","86.603522","86.477766","86.541456","0","0","0","0","86.541456","86.603522","86.477766","86.541456","21.954782","21.974717","21.930307","21.954782","12.396672","12.396672","12.396672","12.396672","0","0","0","0","0","0","0","906440142","13133194.788732","13200146.000000","13027138.000000","1864913660.000000","13202384.211268","1.064994","13202389.000000","1.064995","13202380.000000","1.064994","1874738558.000000","151.229181","0","0","0","0","1.851776","2.074491","1.793825","1.851776","0.932294","1.044857","0.903038","0.932294","11.534379","12.976800","11.163022","11.534379","58582","0.003125","0","0","0","0","0","0","0","0","0","0","0","0","0","0","4.687553","5.184571","4.545255","4.687553","1","49.924019","1","55.690430","1","48.367901","87882620.000000","4.687727","142","7.089211","14.603995","16.284786","14.160245","14.603995","38.935670","43.060063","37.731753","38.935670","16.443149","27.409070","1.326416","0","0","0","0","513848401.000000","27.409070","0","0","0","0","0","0","1.175340","1.959173","94.810907","1.959173","2.190476","1.895544","1.959173","0","0","36730299.000000","1.959222","0","0","0","0","0","0","0","0","77458075","4.131673","0","0","84445136","4.504369","0","0","0","0","0","0","0","0","0","0","0","0","0","0","0","0","76852649","4.099380","0","0","59982131","3.199493","0","0","0","0","0","0","0","0","0","0","0","0","0","0","92.374054","0","80.010872","0","96.788533","0","0","0","0","0","0","0","0","0","0","183744172.000000","147015315.000000","36728857.000000","0","0","0","514804822.000000","498272033.000000","16532789.000000","0","0","0","0","0","0","0","0","0","0","0","0","0","0","0","0","0","0","0","0","0","0","0","0","0","0","0.000091","0.000091","0.000091","0.000091","77.871341","77.871341","86.094495","86.094495","75.840324","75.840324","77.871341","77.871341","0","64","1","1","64","1","0","CachePreferNone","1","29291","1","1","29291","","24.000000","24.000000","32.000000","24.000000","2540","5264","576","18.874368","34","40.000000","32.768000","1.024000","1.024000","1.024000","0","0","142","1024","14","1874624","71","all","0","0","0","0","0","8.59","0","0","17603425.708333","17612414.000000","17591591.000000","844964434.000000","17593654.000000","1.419224","17593654.000000","1.419224","17593654.000000","1.419224","844495392.000000","68.122750","0","0","0","0","18.051913","18.062183","18.039686","18.051913","4.254905","4.258939","4.250743","4.254905","0.000000","0.000011","0","0.000000","0","0","0","0","0","0","0","0","0","2.175233","2","61.742860","2.198992","2","62.417236","2.171368","2","61.633154","2.175233","96","2.963657","220965272.000000","768.000000","220540354.000000","0","0","12795399.000000","0","207742662.000000","93.487482","4.806456","99.814047","11490485.416667","32.655199","2.000000","0.653104","11498133.000000","32.676933","11481575.000000","32.629876","551543300.000000","32.655199","44.491239","35931798.000000","0","2.000000","0.014106","8.000000","0.001128","953010.000000","76.876278","8170.000000","953280.000000","0","0","0","0","515598942.000000","35934117.000000","515623943.000000","35936190.000000","0.000364","1.000000","0.000004","3072.000000","247.808444","243.000000","0","0","2829.000000","243.000000","32.598088","2.000000","0.651962","32.619105","32.572725","550578700.000000","32.598088","44.413428","34978323.000000","0","0","34978275.000000","0","10.000000","0","0","0","0","0","0","0","0","0","0","0","0","0","0","0","0","0","0","0","0","0","0","0","0","0","0","0","0","0","0","0","0","0","0","0","0","0","0","0","0","0","0","0","0","0","0","515601448.000000","34978288.000000","515597753.000000","728714.333333","728799.000000","728664.000000","34978288.000000","0","1.000000","0","0","0","0","0","0","1.000000","0","0","0","0","0","0","0","0","0","0","0","2.174599","2.000000","0.043492","36728775.000000","2.962793","0","0","0","0","0","0","1754645.000000","34978270.000000","1754645.000000","34978285.000000","0","1.000000","0","0","0","0","0","60.846306","1.000000","0.608463","513844250.000000","41.450177","0","0","0","0","0","0","513845481.000000","11.000000","513845481.000000","11.000000","26.166988","26.211832","26.133986","26.166988","86.541456","86.603522","86.477766","86.541456","86.541456","86.603522","86.477766","86.541456","0","0","323681241","0","0","698548994","184461426","0","0","1","1","1","1","0","0","0","0","0","0","0","0","1","0","0","0","0","0","0","0","0","0","0","0","0.000000","0.000000","0.000000","0.000000","2.932400","2.932400","2.932400","2.932400","0","0","0","55.902208","1","1","4.000000","0","2","1.887437","1.887437","1.887437","81.159797","1.887437","1.887437","1.887437","81.159797","43.000000","0","1","1","1","1","76852649.000000","59982131.000000","0","0","906440142","906440142","906440142","906440142","0","no data","no data","0","0","0","0","13291769940","13291769940","13291769940","13291769940","13133194.788732","13200146.000000","13027138.000000","1864913660.000000","13202384.211268","1.064994","13202389.000000","1.064995","13202380.000000","1.064994","1874738558.000000","151.229181","83.187135","17784.000000","0.001897","12.087968","0.486066","0.483519","13.479223","0.542009","0.539169","11.720680","0.471297","0.468827","12.087968","69.021378","68.659660","0.006283","0.006250","0.007005","0.006968","0.006091","0.006060","0.006283","0.006250","11.920065","11.857596","13.292272","13.222612","11.555924","11.495363","11.920065","11.857596","0.328228","0.326508","0.366015","0.364097","0.318194","0.316526","0.328228","0.326508","1.206172","1.345075","1.169281","1.206172","2.068303","2.057464","2.306446","2.294358","2.004923","1.994416","2.068303","2.057464","0","0","0","0","0","0","0","0","0","0","0","0","0","0","0","0","0","0","0","0","0","0","14.680933","14.603995","16.371036","16.285240","14.376136","14.300796","14.680933","14.603995","0","0","0","0","0","0","0","0","0","0","0","0","1.859458","1.849713","2.082403","2.071489","1.802753","1.793305","1.859458","1.849713","0","0","0","0","0","0","0","0","12.089840","0.486141","13.539344","0.544427","11.721228","0.471319","12.089840","69.032063","12.089840","13.539344","11.721228","12.089840","0","0","0","0","12.089840","13.539344","11.721228","12.089840","48.000000","100.000000","14.603995","16.285240","14.300796","14.603995","0","0","0","0","2.339471","2.612922","2.265489","2.339471","4.870082","5.430736","4.768952","4.870082","3.984733","4.477358","3.866029","3.984733","3.207055","3.607576","3.108779","3.207055","0","0","1024","1090554096481.54","0","0","0","0","1024","1090554096481.54","0","0","0","0","1024","1090554096481.54","0","0","0","0","145408","154858681700378.94","0","0","0","0","2048","2181108192963.08","0","0","0","0","2048","2181108192963.08","0","0","0","0","2048","2181108192963.08","0","0","0","0","290816","309717363400757.88","0","0","0","0","1024","1090554096481.54","0","0","0","0","1024","1090554096481.54","0","0","0","0","1024","1090554096481.54","0","0","0","0","145408","154858681700378.94","0","0","0","0","2048","2181108192963.08","0","0","0","0","2048","2181108192963.08","0","0","0","0","2048","2181108192963.08","0","0","0","0","290816","309717363400757.88","0","0","0","0","1024","1090554096481.54","0","0","0","0","1024","1090554096481.54","0","0","0","0","1024","1090554096481.54","0","0","0","0","145408","154858681700378.94","0","0","0","0","2048","2181108192963.08","0","0","0","0","2048","2181108192963.08","0","0","0","0","2048","2181108192963.08","0","0","0","0","290816","309717363400757.88","0","0","0","0","3.61","3839979212.96","0","0","0","0","3.61","3839979212.96","0","0","0","0","3.61","3839979212.96","0","0","0","0","512","545277048240.77","0","0","0","0","2048","2181108192963.08","0","0","0","0","2048","2181108192963.08","0","0","0","0","2048","2181108192963.08","0","0","0","0","290816","309717363400757.88","0","0","0","0","4096","4362216385926.17","0","0","0","0","4096","4362216385926.17","0","0","0","0","4096","4362216385926.17","0","0","0","0","581632","619434726801515.75","0","0","0","0","16384","17448865543704.67","0","0","0","0","16384","17448865543704.67","0","0","0","0","16384","17448865543704.67","0","0","0","0","2326528","2477738907206063","0","0","0","0","4096","4362216385926.17","0","0","0","0","4096","4362216385926.17","0","0","0","0","4096","4362216385926.17","0","0","0","0","581632","619434726801515.75","0","0","0","0","8192","8724432771852.33","0","0","0","0","8192","8724432771852.33","0","0","0","0","8192","8724432771852.33","0","0","0","0","1163264","1238869453603031.50","0","0","0","0","2048","2181108192963.08","0","0","0","0","2048","2181108192963.08","0","0","0","0","2048","2181108192963.08","0","0","0","0","290816","309717363400757.88","0","0","0","0","4096","4362216385926.17","0","0","0","0","4096","4362216385926.17","0","0","0","0","4096","4362216385926.17","0","0","0","0","581632","619434726801515.75","0","0","0","0","512","545277048240.77","0","0","0","0","512","545277048240.77","0","0","0","0","512","545277048240.77","0","0","0","0","72704","77429340850189.47","0","0","0","0","1024","1090554096481.54","0","0","0","0","1024","1090554096481.54","0","0","0","0","1024","1090554096481.54","0","0","0","0","145408","154858681700378.94","0","0","11.920065","11.857596","13.292272","13.222612","11.555924","11.495363","11.920065","11.857596","2.120915","2.109800","2.365245","2.352850","2.056503","2.045725","2.120915","2.109800","4.219600","4.705699","4.091450","4.219600","0","0","0","0","0","0","0","0","0","0","0","0","0","0","0","0","0","0","0","0","0","0","0","0","0","0","0","0","0","0","0","0","0","0","0","2.000000","2.000000","2.000000","284.000000","128.000000","128.000000","128.000000","18176.000000","64.000000","64.000000","64.000000","9088.000000","14.603995","16.285240","14.300796","14.603995","96.834753","46.480682","97.512188","46.805850","96.073989","46.115515","96.834753","6600.256782","96.036734","96.051601","0","0.360705","0.004776","0.025550","0.000666","35.586097","55.343738","0.037035","0","0.086541","0.000321","0.156829","0.634553","1.000000","0.020305","0","0","2.778204","7497313","13131394.125000","13196953.000000","13046103.000000","7458631863.000000","13202384.211268","1.064994","13202389.000000","1.064995","13202380.000000","1.064994","7498954232.000000","604.916725","99.997531","217792060.000000","2.904299","1595900.010563","1779625.000000","1547023.000000","906471206.000000","165106.876761","182514.000000","160075.000000","93780706.000000","0","0","0","0","0","0","0","0","0","0","0","0","0","0","0","0","0","0","0","0","0","0","0","0","1596147.061620","1795371.000000","1547268.000000","906611531.000000","12.155199","0.12","13.672356","0.14","11.782968","0.12","12.155199","69.04","87.844801","86.826897","87.567511","87.844801","12.000000","2","33.554432","0","7","4096.000000","455139","0","0","1850","1640","20","9","124","110","17","16","164524","148426","265743","236399","192","123","0","0","408","387","1","1","759","631","2898","0","4951","0","105","96","0","0","0","0","13547","11527","90.469733","32.000000","9.987631","32.000000","1.602065","32.000000","0","32.000000","0","13199.494718","14592.000000","12285.000000","7497313.000000","0","0","0","0","0","0","0","76852649.000000","59982131.000000","0","0","0","0","0","0","0","0","0","0","0","0","0","0","0","0","0","0","0","0","0","0","0","0","0","0","0","0","0","0","0","0","0","0","0","0","0","0","0","0","0","0","0","0","0","0","0","0","0","0","15.06","14.66","12.000000","11.673456","12.000000","11.767419","12.000000","11.558393","6816.000000","6630.522976","0.198703","0.222236","0.191568","112.863312","13651678644","13291769940"
"10","19582","onpair-chunk-bench","127.0.0.1","onpair_u64","1","14","(64, 1, 1)","(29291, 1, 1)","0","8.9","","","","29291.000000","","","1523388.70","618871.239437","13014111.394366","1509.318995","","11.729490","","4.070476","0","142611.474411","20250829.366401","0","0","2802","2624","8160.000000","461","18176","913213740715.82","0","0","3.072000","95.441471","0","0","514.087568","5270.000000","10876.000000","1.176000","568.000000","36352.000000","36352.000000","0.103457","0","0","0","0","0","93780706","906471206","0","0","nan","0","400","2","0","1","1","1","1","1","1","1","1","402","2520000","0","8","9","0","1","1","1","No-CC","1","1","1","0","0","NVIDIA L40S","1","1","384","6","1","1","384","1","1","1","0","1","649662686","9913","32000","16","3","3","16000","16","161","407965918","1","1","0","0","0","0","1","402","0","1","0","100663296","48","24","71","1","1","134213632","1024","1024","64","24","2520000","2147483647","65535","65535","4","1","9001000","69206016","2147483647","65536","65536","255","49152","101376","102400","1024","1536","48","12","2048","32768","32768","65536","32768","2048","32768","131072","16384","16384","16384","2046","32768","32768","2048","32768","268435456","32768","131072","32768","32768","65536","32768","2048","32768","65000","2097120","131072","32768","32768","131072","16384","32768","16384","8192","16384","8192","2046","32768","32768","1","9001000","1","9","0","0","0","0","142","8","4","1","0","0","0","141","0","0","1","17","1024","8","64","1","1","512","0","0","512","32","65536","47665709056","1","0","1","32","8.000000","15.900040","8.000000","15.926501","8.000000","15.879552","96.000000","190.800485","1.458559","13.717263","118.411385","891.669248","8.385852","72.389100","24481546.666667","22.103115","24522288.000000","22.139898","24450000.000000","22.074633","293778560.000000","22.103115","110760618.666667","8.991968","110760960.000000","8.991996","110760448.000000","8.991954","1329127424.000000","107.903619","45579976.000000","27864664.000000","17.355861","17.374461","17.343308","17.355861","79.777170","2177.000000","0.002766","2485.000000","0.003157","3072.000000","0.001951","13118334.666667","1.064996","13118337.000000","1.064996","13118333.000000","1.064996","157420016.000000","12.779956","32.584383","32.607427","32.557509","32.584383","26.060086","26.104061","26.026736","26.060086","86.354558","86.411645","86.302718","86.354558","0","0","0","0","86.354558","86.411645","86.302718","86.354558","22.103115","22.139898","22.074633","22.103115","12.317728","12.317728","12.317728","12.317728","0","0","0","0","0","0","0","906440142","13025892.197183","13116306.000000","12894467.000000","1849676692.000000","13118334.661972","1.064996","13118337.000000","1.064996","13118333.000000","1.064996","1862803522.000000","151.229474","0","0","0","0","1.863643","2.080376","1.805564","1.863643","0.938258","1.047983","0.908885","0.938258","11.609960","13.013047","11.242738","11.609960","58582","0.003145","0","0","0","0","0","0","0","0","0","0","0","0","0","0","4.717628","5.311772","4.572707","4.717628","1","50.242833","1","56.001643","1","48.684059","87880613.000000","4.717653","142","7.134482","14.697563","16.246529","14.392116","14.697563","39.183885","44.083622","38.015084","39.183885","16.442956","27.584357","1.334902","0","0","0","0","513842366.000000","27.584357","0","0","0","0","0","0","1.175265","1.971600","95.412497","1.971600","2.202254","1.927745","1.971600","0","0","36736251.000000","1.972095","0","0","0","0","0","0","0","0","77458075","4.158145","0","0","84445136","4.533228","0","0","0","0","0","0","0","0","0","0","0","0","0","0","0","0","76852649","4.125644","0","0","59982131","3.219992","0","0","0","0","0","0","0","0","0","0","0","0","0","0","92.372269","0","80.010403","0","96.785641","0","0","0","0","0","0","0","0","0","0","183744172.000000","147014452.000000","36729720.000000","0","0","0","514804822.000000","498257147.000000","16547675.000000","0","0","0","0","0","0","0","0","0","0","0","0","0","0","0","0","0","0","0","0","0","0","0","0","0","0","0.000091","0.000091","0.000091","0.000091","78.367770","78.367770","88.121452","88.121452","76.377500","76.377500","78.367770","78.367770","0","64","1","1","64","1","0","CachePreferNone","1","29291","1","1","29291","","24.000000","24.000000","32.000000","24.000000","2540","5264","576","18.874368","34","40.000000","32.768000","1.024000","1.024000","1.024000","0","0","142","1024","14","1874624","71","all","0","0","0","0","0","8.59","0","0","17584083.270833","17593449.000000","17559372.000000","844035997.000000","17632046.000000","1.431437","17632046.000000","1.431437","17632046.000000","1.431437","846338208.000000","68.708954","0","0","0","0","18.013170","18.026462","17.997957","18.013170","4.245939","4.251424","4.240557","4.245939","0.000000","0.000011","0","0.000000","0","0","0","0","0","0","0","0","0","2.170420","2","62.136374","2.195023","2","62.840728","2.165370","2","61.991789","2.170420","96","2.982546","220991273.000000","768.000000","220525813.000000","0","0","12795144.000000","0","207747292.000000","93.483587","4.786194","99.813476","11490586.750000","32.584383","2.000000","0.651688","11498713.000000","32.607427","11481110.000000","32.557509","551548164.000000","32.584383","44.776777","35929038.000000","0","2.000000","0.014134","8.000000","0.001131","956958.000000","77.689489","8885.000000","950542.000000","0","0","0","0","515608302.000000","35933521.000000","515607005.000000","35934723.000000","0.000363","1.000000","0.000004","3072.000000","249.396642","243.000000","0","0","2829.000000","243.000000","32.527104","2.000000","0.650542","32.550610","32.500803","550578617.000000","32.527104","44.698066","34978275.000000","0","0","34978294.000000","0","13.000000","0","0","0","0","0","0","0","0","0","0","0","0","0","0","0","0","0","0","0","0","0","0","0","0","0","0","0","0","0","0","0","0","0","0","0","0","0","0","0","0","0","0","0","0","0","0","515598443.000000","34978240.000000","515590791.000000","728713.333333","728797.000000","728653.000000","34978240.000000","0","1.000000","0","0","0","0","0","0","1.000000","0","0","0","0","0","0","0","0","0","0","0","2.169991","2.000000","0.043400","36730930.000000","2.981957","0","0","0","0","0","0","1756879.000000","34978272.000000","1756879.000000","34978225.000000","0","1.000000","0","0","0","0","0","60.713637","1.000000","0.607136","513842707.000000","41.715705","0","0","0","0","0","0","513839404.000000","1.000000","513839404.000000","1.000000","26.110708","26.154639","26.077195","26.110708","86.354558","86.411645","86.302718","86.354558","86.354558","86.411645","86.302718","86.354558","0","0","323681241","0","0","698548994","184461426","0","0","1","1","1","1","0","0","0","0","0","0","0","0","1","0","0","0","0","0","0","0","0","0","0","0","0.000000","0.000000","0.000000","0.000000","2.992760","2.992760","2.992760","2.992760","0","0","0","55.705600","1","1","4.000000","0","2","1.887437","1.887437","1.887437","81.159797","1.887437","1.887437","1.887437","81.159797","43.000000","0","1","1","1","1","76852649.000000","59982131.000000","0","0","906440142","906440142","906440142","906440142","0","no data","no data","0","0","0","0","13291769940","13291769940","13291769940","13291769940","13025892.197183","13116306.000000","12894467.000000","1849676692.000000","13118334.661972","1.064996","13118337.000000","1.064996","13118333.000000","1.064996","1862803522.000000","151.229474","83.565050","17694.000000","0.001900","12.165416","0.490070","0.486617","13.447509","0.541718","0.537900","11.912596","0.479886","0.476504","12.165416","69.589951","69.099564","0.006334","0.006290","0.007001","0.006952","0.006203","0.006159","0.006334","0.006290","12.018258","11.933568","13.401500","13.307063","11.768564","11.685633","12.018258","11.933568","0.330932","0.328600","0.369025","0.366424","0.324049","0.321765","0.330932","0.328600","1.213902","1.353678","1.188672","1.213902","2.085341","2.070646","2.325426","2.309039","2.041893","2.027504","2.085341","2.070646","0","0","0","0","0","0","0","0","0","0","0","0","0","0","0","0","0","0","0","0","0","0","14.801869","14.697563","16.505741","16.389428","14.351723","14.250589","14.801869","14.697563","0","0","0","0","0","0","0","0","0","0","0","0","1.874776","1.861564","2.090605","2.075873","1.817879","1.805069","1.874776","1.861564","0","0","0","0","0","0","0","0","12.167298","0.490146","13.568024","0.546573","11.798056","0.475271","12.167298","69.600713","12.167298","13.568024","11.912596","12.167298","0","0","0","0","12.167298","13.568024","11.798056","12.167298","48.000000","100.000000","14.697563","16.389428","14.250589","14.697563","0","0","0","0","2.354299","2.624590","2.300845","2.354299","4.901284","5.465460","4.752250","4.901284","4.009952","4.479189","3.916862","4.009952","3.227602","3.599618","3.160043","3.227602","0","0","1024","1090556204347.03","0","0","0","0","1024","1090556204347.03","0","0","0","0","1024","1090556204347.03","0","0","0","0","145408","154858981017278.50","0","0","0","0","2048","2181112408694.06","0","0","0","0","2048","2181112408694.06","0","0","0","0","2048","2181112408694.06","0","0","0","0","290816","309717962034557","0","0","0","0","1024","1090556204347.03","0","0","0","0","1024","1090556204347.03","0","0","0","0","1024","1090556204347.03","0","0","0","0","145408","154858981017278.50","0","0","0","0","2048","2181112408694.06","0","0","0","0","2048","2181112408694.06","0","0","0","0","2048","2181112408694.06","0","0","0","0","290816","309717962034557","0","0","0","0","1024","1090556204347.03","0","0","0","0","1024","1090556204347.03","0","0","0","0","1024","1090556204347.03","0","0","0","0","145408","154858981017278.50","0","0","0","0","2048","2181112408694.06","0","0","0","0","2048","2181112408694.06","0","0","0","0","2048","2181112408694.06","0","0","0","0","290816","309717962034557","0","0","0","0","3.61","3839986635.02","0","0","0","0","3.61","3839986635.02","0","0","0","0","3.61","3839986635.02","0","0","0","0","512","545278102173.52","0","0","0","0","2048","2181112408694.06","0","0","0","0","2048","2181112408694.06","0","0","0","0","2048","2181112408694.06","0","0","0","0","290816","309717962034557","0","0","0","0","4096","4362224817388.13","0","0","0","0","4096","4362224817388.13","0","0","0","0","4096","4362224817388.13","0","0","0","0","581632","619435924069114","0","0","0","0","16384","17448899269552.51","0","0","0","0","16384","17448899269552.51","0","0","0","0","16384","17448899269552.51","0","0","0","0","2326528","2477743696276456","0","0","0","0","4096","4362224817388.13","0","0","0","0","4096","4362224817388.13","0","0","0","0","4096","4362224817388.13","0","0","0","0","581632","619435924069114","0","0","0","0","8192","8724449634776.25","0","0","0","0","8192","8724449634776.25","0","0","0","0","8192","8724449634776.25","0","0","0","0","1163264","1238871848138228","0","0","0","0","2048","2181112408694.06","0","0","0","0","2048","2181112408694.06","0","0","0","0","2048","2181112408694.06","0","0","0","0","290816","309717962034557","0","0","0","0","4096","4362224817388.13","0","0","0","0","4096","4362224817388.13","0","0","0","0","4096","4362224817388.13","0","0","0","0","581632","619435924069114","0","0","0","0","512","545278102173.52","0","0","0","0","512","545278102173.52","0","0","0","0","512","545278102173.52","0","0","0","0","72704","77429490508639.25","0","0","0","0","1024","1090556204347.03","0","0","0","0","1024","1090556204347.03","0","0","0","0","1024","1090556204347.03","0","0","0","0","145408","154858981017278.50","0","0","12.018258","11.933568","13.401500","13.307063","11.768564","11.685633","12.018258","11.933568","2.138387","2.123318","2.344143","2.327624","2.073854","2.059240","2.138387","2.123318","4.246635","4.655248","4.118480","4.246635","0","0","0","0","0","0","0","0","0","0","0","0","0","0","0","0","0","0","0","0","0","0","0","0","0","0","0","0","0","0","0","0","0","0","0","2.000000","2.000000","2.000000","284.000000","128.000000","128.000000","128.000000","18176.000000","64.000000","64.000000","64.000000","9088.000000","14.697563","16.389428","14.250589","14.697563","97.278435","46.693649","98.011339","47.045443","96.269786","46.209497","97.278435","6630.498107","95.243202","95.257931","0","0.360537","0.004798","0.025212","0.000667","35.197153","54.955633","0.037150","0","0.085525","0.000316","0.156890","0.635071","1.000000","0.020072","0","0","2.778243","7497313","13049225.001761","13137525.000000","12932358.000000","7411959801.000000","13118334.661972","1.064996","13118337.000000","1.064996","13118333.000000","1.064996","7451214088.000000","604.917895","99.997573","217792060.000000","2.922907","1595900.010563","1764150.000000","1562138.000000","906471206.000000","165106.876761","185716.000000","160039.000000","93780706.000000","0","0","0","0","0","0","0","0","0","0","0","0","0","0","0","0","0","0","0","0","0","0","0","0","1596146.813380","1779917.000000","1547671.000000","906611390.000000","12.231736","0.12","13.640021","0.14","11.860252","0.12","12.231736","69.48","87.768264","87.036648","87.244162","87.768264","12.000000","2","33.554432","0","7","4096.000000","450824","0","0","1760","1543","28","11","128","112","15","14","163738","147452","262184","233053","189","112","0","0","400","373","0","0","759","651","2901","0","4916","0","95","86","0","0","0","0","13711","11720","90.469733","32.000000","9.987631","32.000000","1.602065","32.000000","0","32.000000","0","13199.494718","14592.000000","12285.000000","7497313.000000","0","0","0","0","0","0","0","76852649.000000","59982131.000000","0","0","0","0","0","0","0","0","0","0","0","0","0","0","0","0","0","0","0","0","0","0","0","0","0","0","0","0","0","0","0","0","0","0","0","0","0","0","0","0","0","0","0","0","0","0","0","0","0","0","15.06","14.66","12.000000","11.649897","12.000000","11.750719","12.000000","11.513493","6816.000000","6617.141774","0.200020","0.227170","0.194148","113.611396","13651678644","13291769940"
"11","19582","onpair-chunk-bench","127.0.0.1","onpair_u64","1","14","(64, 1, 1)","(29291, 1, 1)","0","8.9","","","","29291.000000","","","1522973.30","618861.281690","13117545.612676","1510.173565","","11.629265","","4.035695","0","143789.631072","20418127.612231","0","0","2802","2624","8160.000000","461","18176","907656060789.93","0","0","3.072000","94.866556","0","0","514.087568","5270.000000","10876.000000","1.176000","568.000000","36352.000000","36352.000000","0.103457","0","0","0","0","0","93780706","906471206","0","0","nan","0","400","2","0","1","1","1","1","1","1","1","1","402","2520000","0","8","9","0","1","1","1","No-CC","1","1","1","0","0","NVIDIA L40S","1","1","384","6","1","1","384","1","1","1","0","1","649662686","9913","32000","16","3","3","16000","16","161","407965918","1","1","0","0","0","0","1","402","0","1","0","100663296","48","24","71","1","1","134213632","1024","1024","64","24","2520000","2147483647","65535","65535","4","1","9001000","69206016","2147483647","65536","65536","255","49152","101376","102400","1024","1536","48","12","2048","32768","32768","65536","32768","2048","32768","131072","16384","16384","16384","2046","32768","32768","2048","32768","268435456","32768","131072","32768","32768","65536","32768","2048","32768","65000","2097120","131072","32768","32768","131072","16384","32768","16384","8192","16384","8192","2046","32768","32768","1","9001000","1","9","0","0","0","0","142","8","4","1","0","0","0","141","0","0","1","17","1024","8","64","1","1","512","0","0","512","32","65536","47665709056","1","0","1","32","8.000000","15.792519","8.000000","15.806125","8.000000","15.776257","96.000000","189.510226","1.457471","13.623091","117.598343","891.249408","8.330578","71.911882","24465833.333333","21.953669","24486912.000000","21.972583","24440640.000000","21.931062","293590000.000000","21.953669","111443029.333333","8.991959","111443456.000000","8.991993","111442944.000000","8.991952","1337316352.000000","107.903507","45545956.000000","27851544.000000","17.387381","17.399586","17.377606","17.387381","80.554972","2256.000000","0.002849","2485.000000","0.003138","3072.000000","0.001940","13199152.583333","1.064995","13199156.000000","1.064995","13199150.000000","1.064995","158389831.000000","12.779937","32.664959","32.687603","32.638338","32.664959","26.124725","26.163432","26.092221","26.124725","86.565135","86.628247","86.508512","86.565135","0","0","0","0","86.565135","86.628247","86.508512","86.565135","21.953669","21.972583","21.931062","21.953669","12.393632","12.393632","12.393632","12.393632","0","0","0","0","0","0","0","906440142","13102851.042254","13197017.000000","12958770.000000","1860604848.000000","13199152.535211","1.064995","13199156.000000","1.064995","13199150.000000","1.064995","1874279660.000000","151.229249","0","0","0","0","1.852226","2.049305","1.796194","1.852226","0.932538","1.031962","0.904210","0.932538","11.537851","12.808300","11.192022","11.537851","58582","0.003126","0","0","0","0","0","0","0","0","0","0","0","0","0","0","4.688818","5.235647","4.550171","4.688818","1","49.937063","1","55.787924","1","48.388156","87884025.000000","4.688949","142","7.091063","14.607571","16.288773","14.304600","14.607571","38.944619","43.545697","37.821610","38.944619","16.443151","27.415784","1.326742","0","0","0","0","513848459.000000","27.415784","0","0","0","0","0","0","1.175600","1.960086","94.855141","1.960086","2.192156","1.901455","1.960086","0","0","36727944.000000","1.959577","0","0","0","0","0","0","0","0","77458075","4.132685","0","0","84445136","4.505472","0","0","0","0","0","0","0","0","0","0","0","0","0","0","0","0","76852649","4.100383","0","0","59982131","3.200276","0","0","0","0","0","0","0","0","0","0","0","0","0","0","92.370307","0","80.008119","0","96.780040","0","0","0","0","0","0","0","0","0","0","183744172.000000","147010256.000000","36733916.000000","0","0","0","514804822.000000","498228313.000000","16576509.000000","0","0","0","0","0","0","0","0","0","0","0","0","0","0","0","0","0","0","0","0","0","0","0","0","0","0","0.000091","0.000091","0.000091","0.000091","77.889238","77.889238","86.967091","86.967091","75.930617","75.930617","77.889238","77.889238","0","64","1","1","64","1","0","CachePreferNone","1","29291","1","1","29291","","24.000000","24.000000","32.000000","24.000000","2540","5264","576","18.874368","34","40.000000","32.768000","1.024000","1.024000","1.024000","0","0","142","1024","14","1874624","71","all","0","0","0","0","0","8.59","0","0","17579908.645833","17594398.000000","17568504.000000","843835615.000000","17588786.000000","1.419179","17588786.000000","1.419179","17588786.000000","1.419179","844261728.000000","68.120606","0","0","0","0","18.057134","18.069797","18.042996","18.057134","4.255398","4.259947","4.248997","4.255398","0.000000","0.000011","0","0.000000","0","0","0","0","0","0","0","0","0","2.175979","2","61.762081","2.200581","2","62.460383","2.171520","2","61.635524","2.175979","96","2.964580","220966201.000000","768.000000","220538298.000000","0","0","12814641.000000","0","207741104.000000","93.482967","4.790704","99.816080","11490739.500000","32.664959","2.000000","0.653299","11498705.000000","32.687603","11481375.000000","32.638338","551555496.000000","32.664959","44.503136","35939266.000000","0","2.000000","0.014130","8.000000","0.001130","954345.000000","77.002851","7467.000000","960755.000000","0","0","0","0","515605518.000000","35930571.000000","515610442.000000","35937179.000000","0.000364","1.000000","0.000004","3072.000000","247.869228","243.000000","0","0","2829.000000","243.000000","32.606974","2.000000","0.652139","32.629404","32.580429","550576403.000000","32.606974","44.424137","34978298.000000","0","0","34978270.000000","0","13.000000","0","0","0","0","0","0","0","0","0","0","0","0","0","0","0","0","0","0","0","0","0","0","0","0","0","0","0","0","0","0","0","0","0","0","0","0","0","0","0","0","0","0","0","0","0","0","515600343.000000","34978309.000000","515597769.000000","728714.770833","728799.000000","728652.000000","34978309.000000","0","1.000000","0","0","0","0","0","0","1.000000","0","0","0","0","0","0","0","0","0","0","0","2.175651","2.000000","0.043513","36736384.000000","2.964134","0","0","0","0","0","0","1757032.000000","34978265.000000","1757032.000000","34978282.000000","0","1.000000","0","0","0","0","0","60.863087","1.000000","0.608631","513843748.000000","41.460304","0","0","0","0","0","0","513845560.000000","11.000000","513845560.000000","11.000000","26.173434","26.217699","26.141600","26.173434","86.565135","86.628247","86.508512","86.565135","86.565135","86.628247","86.508512","86.565135","0","0","323681241","0","0","698548994","184461426","0","0","1","1","1","1","0","0","0","0","0","0","0","0","1","0","0","0","0","0","0","0","0","0","0","0","0.000000","0.000000","0.000000","0.000000","2.933119","2.933119","2.933119","2.933119","0","0","0","56.033280","1","1","4.000000","0","2","1.887437","1.887437","1.887437","81.159797","1.887437","1.887437","1.887437","81.159797","43.000000","0","1","1","1","1","76852649.000000","59982131.000000","0","0","906440142","906440142","906440142","906440142","0","no data","no data","0","0","0","0","13291769940","13291769940","13291769940","13291769940","13102851.042254","13197017.000000","12958770.000000","1860604848.000000","13199152.535211","1.064995","13199156.000000","1.064995","13199150.000000","1.064995","1874279660.000000","151.229249","83.796191","17644.000000","0.001883","12.090928","0.487192","0.483637","13.482525","0.543265","0.539301","11.840122","0.477086","0.473605","12.090928","69.181219","68.676470","0.006297","0.006251","0.007021","0.006970","0.006167","0.006122","0.006297","0.006251","11.947669","11.860499","13.322536","13.225334","11.584879","11.500356","11.947669","11.860499","0.328989","0.326588","0.366848","0.364171","0.318997","0.316670","0.328989","0.326588","1.206473","1.345336","1.169863","1.206473","2.073093","2.057967","2.311667","2.294801","2.010139","1.995473","2.073093","2.057967","0","0","0","0","0","0","0","0","0","0","0","0","0","0","0","0","0","0","0","0","0","0","14.714931","14.607571","16.408414","16.288697","14.409276","14.304146","14.714931","14.607571","0","0","0","0","0","0","0","0","0","0","0","0","1.863764","1.850166","2.060235","2.045203","1.807221","1.794036","1.863764","1.850166","0","0","0","0","0","0","0","0","12.092802","0.487267","13.367574","0.538633","11.725986","0.472487","12.092802","69.191939","12.092802","13.482525","11.840122","12.092802","0","0","0","0","12.092802","13.367574","11.725986","12.092802","48.000000","100.000000","14.607571","16.288697","14.304146","14.607571","0","0","0","0","2.339856","2.619551","2.272494","2.339856","4.871274","5.431889","4.770089","4.871274","3.985669","4.453642","3.897515","3.985669","3.207840","3.577442","3.140255","3.207840","0","0","1024","1090554584487.93","0","0","0","0","1024","1090554584487.93","0","0","0","0","1024","1090554584487.93","0","0","0","0","145408","154858750997286.34","0","0","0","0","2048","2181109168975.86","0","0","0","0","2048","2181109168975.86","0","0","0","0","2048","2181109168975.86","0","0","0","0","290816","309717501994572.69","0","0","0","0","1024","1090554584487.93","0","0","0","0","1024","1090554584487.93","0","0","0","0","1024","1090554584487.93","0","0","0","0","145408","154858750997286.34","0","0","0","0","2048","2181109168975.86","0","0","0","0","2048","2181109168975.86","0","0","0","0","2048","2181109168975.86","0","0","0","0","290816","309717501994572.69","0","0","0","0","1024","1090554584487.93","0","0","0","0","1024","1090554584487.93","0","0","0","0","1024","1090554584487.93","0","0","0","0","145408","154858750997286.34","0","0","0","0","2048","2181109168975.86","0","0","0","0","2048","2181109168975.86","0","0","0","0","2048","2181109168975.86","0","0","0","0","290816","309717501994572.69","0","0","0","0","3.61","3839980931.30","0","0","0","0","3.61","3839980931.30","0","0","0","0","3.61","3839980931.30","0","0","0","0","512","545277292243.97","0","0","0","0","2048","2181109168975.86","0","0","0","0","2048","2181109168975.86","0","0","0","0","2048","2181109168975.86","0","0","0","0","290816","309717501994572.69","0","0","0","0","4096","4362218337951.73","0","0","0","0","4096","4362218337951.73","0","0","0","0","4096","4362218337951.73","0","0","0","0","581632","619435003989145.38","0","0","0","0","16384","17448873351806.91","0","0","0","0","16384","17448873351806.91","0","0","0","0","16384","17448873351806.91","0","0","0","0","2326528","2477740015956581.50","0","0","0","0","4096","4362218337951.73","0","0","0","0","4096","4362218337951.73","0","0","0","0","4096","4362218337951.73","0","0","0","0","581632","619435003989145.38","0","0","0","0","8192","8724436675903.46","0","0","0","0","8192","8724436675903.46","0","0","0","0","8192","8724436675903.46","0","0","0","0","1163264","1238870007978290.75","0","0","0","0","2048","2181109168975.86","0","0","0","0","2048","2181109168975.86","0","0","0","0","2048","2181109168975.86","0","0","0","0","290816","309717501994572.69","0","0","0","0","4096","4362218337951.73","0","0","0","0","4096","4362218337951.73","0","0","0","0","4096","4362218337951.73","0","0","0","0","581632","619435003989145.38","0","0","0","0","512","545277292243.97","0","0","0","0","512","545277292243.97","0","0","0","0","512","545277292243.97","0","0","0","0","72704","77429375498643.17","0","0","0","0","1024","1090554584487.93","0","0","0","0","1024","1090554584487.93","0","0","0","0","1024","1090554584487.93","0","0","0","0","145408","154858750997286.34","0","0","11.947669","11.860499","13.322536","13.225334","11.584879","11.500356","11.947669","11.860499","2.125827","2.110317","2.410155","2.392570","2.062284","2.047237","2.125827","2.110317","4.220633","4.785141","4.094475","4.220633","0","0","0","0","0","0","0","0","0","0","0","0","0","0","0","0","0","0","0","0","0","0","0","0","0","0","0","0","0","0","0","0","0","0","0","2.000000","2.000000","2.000000","284.000000","128.000000","128.000000","128.000000","18176.000000","64.000000","64.000000","64.000000","9088.000000","14.607571","16.288697","14.304146","14.607571","97.394990","46.749595","98.170163","47.121678","96.723723","46.427387","97.394990","6638.442521","96.005385","96.020262","0","0.360635","0.004790","0.025518","0.000661","35.520242","55.239347","0.037010","0","0.086119","0.000320","0.156803","0.634647","1.000000","0.020181","0","0","2.778189","7497313","13157476.607394","13248744.000000","13002343.000000","7473446713.000000","13199152.535211","1.064995","13199156.000000","1.064995","13199150.000000","1.064995","7497118640.000000","604.916996","99.997544","217792060.000000","2.905010","1595900.010563","1779625.000000","1562437.000000","906471206.000000","165106.876761","184115.000000","160093.000000","93780706.000000","0","0","0","0","0","0","0","0","0","0","0","0","0","0","0","0","0","0","0","0","0","0","0","0","1596147.316901","1764442.000000","1547683.000000","906611676.000000","12.131105","0.12","13.410185","0.13","11.762765","0.12","12.131105","68.90","87.868895","87.283469","87.058183","87.868895","12.000000","2","33.554432","0","7","4096.000000","455162","0","0","1770","1580","21","9","133","123","15","13","164296","148548","265711","236134","152","95","0","0","397","373","1","1","775","691","2906","0","4922","0","95","86","0","0","0","0","13968","11946","90.469733","32.000000","9.987631","32.000000","1.602065","32.000000","0","32.000000","0","13199.494718","14591.000000","12284.000000","7497313.000000","0","0","0","0","0","0","0","76852649.000000","59982131.000000","0","0","0","0","0","0","0","0","0","0","0","0","0","0","0","0","0","0","0","0","0","0","0","0","0","0","0","0","0","0","0","0","0","0","0","0","0","0","0","0","0","0","0","0","0","0","0","0","0","0","15.06","14.66","12.000000","11.646514","12.000000","11.750716","12.000000","11.535312","6816.000000","6615.220042","0.198327","0.226363","0.191434","112.649962","13651678644","13291769940"
"12","19582","onpair-chunk-bench","127.0.0.1","onpair_u64","1","14","(64, 1, 1)","(29291, 1, 1)","0","8.9","","","","29291.000000","","","1522948.54","618864.725352","13101652.640845","1510.948599","","11.640318","","4.039531","0","143553.487454","20384595.218443","0","0","2802","2624","8160.000000","461","18176","908374405929.46","0","0","3.072000","94.959561","0","0","514.087568","5270.000000","10876.000000","1.176000","568.000000","36352.000000","36352.000000","0.103457","0","0","0","0","0","93780706","906471206","0","0","nan","0","400","2","0","1","1","1","1","1","1","1","1","402","2520000","0","8","9","0","1","1","1","No-CC","1","1","1","0","0","NVIDIA L40S","1","1","384","6","1","1","384","1","1","1","0","1","649662686","9913","32000","16","3","3","16000","16","161","407965918","1","1","0","0","0","0","1","402","0","1","0","100663296","48","24","71","1","1","134213632","1024","1024","64","24","2520000","2147483647","65535","65535","4","1","9001000","69206016","2147483647","65536","65536","255","49152","101376","102400","1024","1536","48","12","2048","32768","32768","65536","32768","2048","32768","131072","16384","16384","16384","2046","32768","32768","2048","32768","268435456","32768","131072","32768","32768","65536","32768","2048","32768","65000","2097120","131072","32768","32768","131072","16384","32768","16384","8192","16384","8192","2046","32768","32768","1","9001000","1","9","0","0","0","0","142","8","4","1","0","0","0","141","0","0","1","17","1024","8","64","1","1","512","0","0","512","32","65536","47665709056","1","0","1","32","8.000000","15.806644","8.000000","15.821920","8.000000","15.792944","96.000000","189.679725","1.457670","13.637324","117.721384","891.014656","8.335947","71.958341","24465460.000000","21.973271","24489104.000000","21.994507","24444256.000000","21.954227","293585520.000000","21.973271","111341909.333333","8.991972","111342080.000000","8.991986","111341568.000000","8.991945","1336102912.000000","107.903667","45552172.000000","27844208.000000","17.403611","17.415752","17.390866","17.403611","79.903300","2175.000000","0.002749","2485.000000","0.003141","3072.000000","0.001941","13187171.916667","1.064996","13187176.000000","1.064996","13187169.000000","1.064996","158246063.000000","12.779952","32.695106","32.717243","32.667269","32.695106","26.149219","26.198542","26.116873","26.149219","86.646664","86.710251","86.593435","86.646664","0","0","0","0","86.646664","86.710251","86.593435","86.646664","21.973271","21.994507","21.954227","21.973271","12.382368","12.382368","12.382368","12.382368","0","0","0","0","0","0","0","906440142","13106395.950704","13184969.000000","12967108.000000","1861108225.000000","13187171.859155","1.064996","13187176.000000","1.064996","13187169.000000","1.064996","1872578404.000000","151.229426","0","0","0","0","1.853905","2.068001","1.796284","1.853905","0.933372","1.041660","0.904312","0.933372","11.548807","12.923067","11.174511","11.548807","58582","0.003128","0","0","0","0","0","0","0","0","0","0","0","0","0","0","4.692710","5.146433","4.547897","4.692710","1","49.976585","1","55.802331","1","48.442430","87873642.000000","4.692655","142","7.096675","14.620842","16.303875","14.176201","14.620842","38.981459","42.726432","37.829908","38.981459","16.443038","27.440503","1.327940","0","0","0","0","513844937.000000","27.440503","0","0","0","0","0","0","1.175505","1.961709","94.933805","1.961709","2.192100","1.881988","1.961709","0","0","36738712.000000","1.961932","0","0","0","0","0","0","0","0","77458075","4.136440","0","0","84445136","4.509565","0","0","0","0","0","0","0","0","0","0","0","0","0","0","0","0","76852649","4.104108","0","0","59982131","3.203184","0","0","0","0","0","0","0","0","0","0","0","0","0","0","92.375335","0","80.007100","0","96.790458","0","0","0","0","0","0","0","0","0","0","183744172.000000","147008383.000000","36735789.000000","0","0","0","514804822.000000","498281947.000000","16522875.000000","0","0","0","0","0","0","0","0","0","0","0","0","0","0","0","0","0","0","0","0","0","0","0","0","0","0","0.000091","0.000091","0.000091","0.000091","77.962918","77.962918","85.306896","85.306896","75.663039","75.663039","77.962918","77.962918","0","64","1","1","64","1","0","CachePreferNone","1","29291","1","1","29291","","24.000000","24.000000","32.000000","24.000000","2540","5264","576","18.874368","34","40.000000","32.768000","1.024000","1.024000","1.024000","0","0","142","1024","14","1874624","71","all","0","0","0","0","0","8.59","0","0","17603182.979167","17611799.000000","17592982.000000","844952783.000000","17572115.000000","1.419124","17572115.000000","1.419124","17572115.000000","1.419124","843461520.000000","68.117950","0","0","0","0","18.073478","18.086554","18.058669","18.073478","4.260139","4.264387","4.254889","4.260139","0.000000","0.000011","0","0.000000","0","0","0","0","0","0","0","0","0","2.178197","2","61.822631","2.200930","2","62.467858","2.174243","2","61.710410","2.178197","96","2.967486","220990949.000000","768.000000","220561463.000000","0","0","12784362.000000","0","207745397.000000","93.485752","4.776426","99.814323","11490443.312500","32.695106","2.000000","0.653902","11498223.000000","32.717243","11480660.000000","32.667269","551541279.000000","32.695106","44.542472","35928621.000000","0","2.000000","0.014073","8.000000","0.001126","949635.000000","76.692520","7767.000000","950093.000000","0","0","0","0","515605173.000000","35928958.000000","515612510.000000","35929436.000000","0.000364","1.000000","0.000004","3072.000000","248.094710","243.000000","0","0","2829.000000","243.000000","32.638338","2.000000","0.652767","32.658721","32.612494","550583649.000000","32.638338","44.465134","34978279.000000","0","0","34978268.000000","0","4.000000","0","0","0","0","0","0","0","0","0","0","0","0","0","0","0","0","0","0","0","0","0","0","0","0","0","0","0","0","0","0","0","0","0","0","0","0","0","0","0","0","0","0","0","0","0","0","515600014.000000","34978276.000000","515607052.000000","728714.083333","728802.000000","728656.000000","34978276.000000","0","1.000000","0","0","0","0","0","0","1.000000","0","0","0","0","0","0","0","0","0","0","0","2.177292","2.000000","0.043546","36729233.000000","2.966253","0","0","0","0","0","0","1751393.000000","34978255.000000","1751393.000000","34978260.000000","0","1.000000","0","0","0","0","0","60.919656","1.000000","0.609197","513833859.000000","41.497221","0","0","0","0","0","0","513841166.000000","18.000000","513841166.000000","18.000000","26.199331","26.242851","26.167317","26.199331","86.646664","86.710251","86.593435","86.646664","86.646664","86.710251","86.593435","86.646664","0","0","323681241","0","0","698548994","184461426","0","0","1","1","1","1","0","0","0","0","0","0","0","0","1","0","0","0","0","0","0","0","0","0","0","0","0.000000","0.000000","0.000000","0.000000","2.977137","2.977137","2.977137","2.977137","0","0","0","55.967744","1","1","4.000000","0","2","1.887437","1.887437","1.887437","81.159797","1.887437","1.887437","1.887437","81.159797","43.000000","0","1","1","1","1","76852649.000000","59982131.000000","0","0","906440142","906440142","906440142","906440142","0","no data","no data","0","0","0","0","13291769940","13291769940","13291769940","13291769940","13106395.950704","13184969.000000","12967108.000000","1861108225.000000","13187171.859155","1.064996","13187176.000000","1.064996","13187169.000000","1.064996","1872578404.000000","151.229426","83.485876","17700.000000","0.001890","12.101913","0.487060","0.484077","13.495003","0.543127","0.539800","11.733867","0.472247","0.469355","12.101913","69.162507","68.738863","0.006295","0.006257","0.007019","0.006976","0.006104","0.006067","0.006295","0.006257","11.944438","11.871274","13.319318","13.237732","11.465539","11.395309","11.944438","11.871274","0.328900","0.326885","0.366754","0.364508","0.315712","0.313778","0.328900","0.326885","1.207563","1.346589","1.159119","1.207563","2.072532","2.059837","2.311152","2.296996","1.989387","1.977202","2.072532","2.059837","0","0","0","0","0","0","0","0","0","0","0","0","0","0","0","0","0","0","0","0","0","0","14.710951","14.620842","16.261557","16.161949","14.121075","14.034579","14.710951","14.620842","0","0","0","0","0","0","0","0","0","0","0","0","1.863260","1.851847","2.077745","2.065018","1.806614","1.795548","1.863260","1.851847","0","0","0","0","0","0","0","0","12.103783","0.487135","13.497043","0.543209","11.735856","0.472327","12.103783","69.173199","12.103783","13.497043","11.735856","12.103783","0","0","0","0","12.103783","13.497043","11.735856","12.103783","48.000000","100.000000","14.620842","16.161949","14.034579","14.620842","0","0","0","0","2.341925","2.589486","2.268110","2.341925","4.875700","5.389642","4.680215","4.875700","3.989523","4.451387","3.871118","3.989523","3.210754","3.580919","3.112297","3.210754","0","0","1024","1090555860056.38","0","0","0","0","1024","1090555860056.38","0","0","0","0","1024","1090555860056.38","0","0","0","0","145408","154858932128006.53","0","0","0","0","2048","2181111720112.77","0","0","0","0","2048","2181111720112.77","0","0","0","0","2048","2181111720112.77","0","0","0","0","290816","309717864256013.06","0","0","0","0","1024","1090555860056.38","0","0","0","0","1024","1090555860056.38","0","0","0","0","1024","1090555860056.38","0","0","0","0","145408","154858932128006.53","0","0","0","0","2048","2181111720112.77","0","0","0","0","2048","2181111720112.77","0","0","0","0","2048","2181111720112.77","0","0","0","0","290816","309717864256013.06","0","0","0","0","1024","1090555860056.38","0","0","0","0","1024","1090555860056.38","0","0","0","0","1024","1090555860056.38","0","0","0","0","145408","154858932128006.53","0","0","0","0","2048","2181111720112.77","0","0","0","0","2048","2181111720112.77","0","0","0","0","2048","2181111720112.77","0","0","0","0","290816","309717864256013.06","0","0","0","0","3.61","3839985422.73","0","0","0","0","3.61","3839985422.73","0","0","0","0","3.61","3839985422.73","0","0","0","0","512","545277930028.19","0","0","0","0","2048","2181111720112.77","0","0","0","0","2048","2181111720112.77","0","0","0","0","2048","2181111720112.77","0","0","0","0","290816","309717864256013.06","0","0","0","0","4096","4362223440225.54","0","0","0","0","4096","4362223440225.54","0","0","0","0","4096","4362223440225.54","0","0","0","0","581632","619435728512026.12","0","0","0","0","16384","17448893760902.14","0","0","0","0","16384","17448893760902.14","0","0","0","0","16384","17448893760902.14","0","0","0","0","2326528","2477742914048104.50","0","0","0","0","4096","4362223440225.54","0","0","0","0","4096","4362223440225.54","0","0","0","0","4096","4362223440225.54","0","0","0","0","581632","619435728512026.12","0","0","0","0","8192","8724446880451.07","0","0","0","0","8192","8724446880451.07","0","0","0","0","8192","8724446880451.07","0","0","0","0","1163264","1238871457024052.25","0","0","0","0","2048","2181111720112.77","0","0","0","0","2048","2181111720112.77","0","0","0","0","2048","2181111720112.77","0","0","0","0","290816","309717864256013.06","0","0","0","0","4096","4362223440225.54","0","0","0","0","4096","4362223440225.54","0","0","0","0","4096","4362223440225.54","0","0","0","0","581632","619435728512026.12","0","0","0","0","512","545277930028.19","0","0","0","0","512","545277930028.19","0","0","0","0","512","545277930028.19","0","0","0","0","72704","77429466064003.27","0","0","0","0","1024","1090555860056.38","0","0","0","0","1024","1090555860056.38","0","0","0","0","1024","1090555860056.38","0","0","0","0","145408","154858932128006.53","0","0","11.944438","11.871274","13.319318","13.237732","11.465539","11.395309","11.944438","11.871274","2.125252","2.112234","2.389200","2.374565","2.061505","2.048878","2.125252","2.112234","4.224468","4.749130","4.097755","4.224468","0","0","0","0","0","0","0","0","0","0","0","0","0","0","0","0","0","0","0","0","0","0","0","0","0","0","0","0","0","0","0","0","0","0","0","2.000000","2.000000","2.000000","284.000000","128.000000","128.000000","128.000000","18176.000000","64.000000","64.000000","64.000000","9088.000000","14.620842","16.161949","14.034579","14.620842","97.340044","46.723221","98.079817","47.078312","96.654409","46.394116","97.340044","6634.697385","96.026528","96.041373","0","0.360667","0.004780","0.025602","0.000680","35.619720","55.374474","0.037030","0","0.087409","0.000322","0.156757","0.634482","1.000000","0.020184","0","0","2.778208","7497313","13157479.309859","13235758.000000","13020778.000000","7473448248.000000","13187171.859155","1.064996","13187176.000000","1.064996","13187169.000000","1.064996","7490313616.000000","604.917704","99.997535","217792060.000000","2.907649","1595900.010563","1779625.000000","1547201.000000","906471206.000000","165106.876761","180913.000000","160074.000000","93780706.000000","0","0","0","0","0","0","0","0","0","0","0","0","0","0","0","0","0","0","0","0","0","0","0","0","1596146.721831","1779913.000000","1547491.000000","906611338.000000","12.131098","0.12","13.527766","0.14","11.761303","0.12","12.131098","68.90","87.868902","87.067171","87.199734","87.868902","12.000000","2","33.554432","0","7","4096.000000","455131","0","0","1791","1605","20","4","117","106","24","22","164795","148850","265246","236256","176","113","0","0","427","387","2","2","825","720","2996","0","5096","0","103","94","0","0","0","0","13513","11567","90.469733","32.000000","9.987631","32.000000","1.602065","32.000000","0","32.000000","0","13199.494718","14592.000000","12283.000000","7497313.000000","0","0","0","0","0","0","0","76852649.000000","59982131.000000","0","0","0","0","0","0","0","0","0","0","0","0","0","0","0","0","0","0","0","0","0","0","0","0","0","0","0","0","0","0","0","0","0","0","0","0","0","0","0","0","0","0","0","0","0","0","0","0","0","0","15.06","14.66","12.000000","11.649072","12.000000","11.739227","12.000000","11.519999","6816.000000","6616.673083","0.198312","0.223296","0.191411","112.640978","13651678644","13291769940"
"13","19582","onpair-chunk-bench","127.0.0.1","onpair_u64","1","14","(64, 1, 1)","(29291, 1, 1)","0","8.9","","","","29291.000000","","","1523419.40","618872.514085","13049459.676056","1511.109629","","11.684732","","4.054943","0","143019.718249","20308799.991306","0","0","2802","2624","8160.000000","461","18176","911918747486.80","0","0","3.072000","95.371447","0","0","514.087568","5270.000000","10876.000000","1.176000","568.000000","36352.000000","36352.000000","0.103457","0","0","0","0","0","93780706","906471206","0","0","nan","0","400","2","0","1","1","1","1","1","1","1","1","402","2520000","0","8","9","0","1","1","1","No-CC","1","1","1","0","0","NVIDIA L40S","1","1","384","6","1","1","384","1","1","1","0","1","649662686","9913","32000","16","3","3","16000","16","161","407965918","1","1","0","0","0","0","1","402","0","1","0","100663296","48","24","71","1","1","134213632","1024","1024","64","24","2520000","2147483647","65535","65535","4","1","9001000","69206016","2147483647","65536","65536","255","49152","101376","102400","1024","1536","48","12","2048","32768","32768","65536","32768","2048","32768","131072","16384","16384","16384","2046","32768","32768","2048","32768","268435456","32768","131072","32768","32768","65536","32768","2048","32768","65000","2097120","131072","32768","32768","131072","16384","32768","16384","8192","16384","8192","2046","32768","32768","1","9001000","1","9","0","0","0","0","142","8","4","1","0","0","0","141","0","0","1","17","1024","8","64","1","1","512","0","0","512","32","65536","47665709056","1","0","1","32","8.000000","15.876927","8.000000","15.896208","8.000000","15.847592","96.000000","190.523124","1.458437","13.697076","118.236820","891.642880","8.373965","72.286304","24479998.666667","22.071042","24509728.000000","22.097845","24434768.000000","22.030262","293759984.000000","22.071042","110914560.000000","8.991945","110914560.000000","8.991945","110914560.000000","8.991945","1330974720.000000","107.903338","45576156.000000","27863840.000000","17.333196","17.348111","17.308789","17.333196","80.407820","2244.000000","0.002847","2485.000000","0.003153","3072.000000","0.001949","13136560.916667","1.064993","13136562.000000","1.064993","13136559.000000","1.064993","157638731.000000","12.779916","32.543667","32.565407","32.516522","32.543667","26.026607","26.067701","25.993955","26.026607","86.242382","86.309097","86.188761","86.242382","0","0","0","0","86.242382","86.309097","86.188761","86.242382","22.071042","22.097845","22.030262","22.071042","12.334880","12.334880","12.334880","12.334880","0","0","0","0","0","0","0","906440142","13016211.464789","13134493.000000","12907610.000000","1848302028.000000","13136560.915493","1.064993","13136562.000000","1.064993","13136559.000000","1.064993","1865391650.000000","151.229007","0","0","0","0","1.861048","2.076521","1.802999","1.861048","0.937017","1.046274","0.907993","0.937017","11.596796","12.996971","11.224330","11.596796","58582","0.003140","0","0","0","0","0","0","0","0","0","0","0","0","0","0","4.710975","5.212095","4.564756","4.710975","1","50.171586","1","56.017164","1","48.611661","87878190.000000","4.710978","142","7.124365","14.677171","16.507791","14.231198","14.677171","39.130429","43.366107","37.916080","39.130429","16.443014","27.546183","1.333050","0","0","0","0","513844200.000000","27.546183","0","0","0","0","0","0","1.175331","1.968974","95.285134","1.968974","2.193192","1.909335","1.968974","0","0","36733319.000000","1.969201","0","0","0","0","0","0","0","0","77458075","4.152376","0","0","84445136","4.526939","0","0","0","0","0","0","0","0","0","0","0","0","0","0","0","0","76852649","4.119920","0","0","59982131","3.215525","0","0","0","0","0","0","0","0","0","0","0","0","0","0","92.374789","0","80.010105","0","96.789209","0","0","0","0","0","0","0","0","0","0","183744172.000000","147013905.000000","36730267.000000","0","0","0","514804822.000000","498275514.000000","16529308.000000","0","0","0","0","0","0","0","0","0","0","0","0","0","0","0","0","0","0","0","0","0","0","0","0","0","0","0.000091","0.000091","0.000091","0.000091","78.260859","78.260859","86.637120","86.637120","76.171694","76.171694","78.260859","78.260859","0","64","1","1","64","1","0","CachePreferNone","1","29291","1","1","29291","","24.000000","24.000000","32.000000","24.000000","2540","5264","576","18.874368","34","40.000000","32.768000","1.024000","1.024000","1.024000","0","0","142","1024","14","1874624","71","all","0","0","0","0","0","8.59","0","0","17561764.250000","17567931.000000","17553623.000000","842964684.000000","17653985.000000","1.431225","17653985.000000","1.431225","17653985.000000","1.431225","847391280.000000","68.698786","0","0","0","0","17.990507","18.002372","17.974809","17.990507","4.241924","4.248265","4.237191","4.241924","0.000000","0.000011","0","0.000000","0","0","0","0","0","0","0","0","0","2.169149","2","62.090786","2.192462","2","62.758130","2.164613","2","61.960959","2.169149","96","2.980358","220971290.000000","768.000000","220533204.000000","0","0","12810922.000000","0","207731071.000000","93.485763","4.796988","99.815642","11490508.145833","32.543667","2.000000","0.650873","11498184.000000","32.565407","11480924.000000","32.516522","551544391.000000","32.543667","44.714208","35940233.000000","0","2.000000","0.014040","8.000000","0.001123","951764.000000","77.160378","6222.000000","961716.000000","0","0","0","0","515607262.000000","35928480.000000","515615483.000000","35934906.000000","0.000363","1.000000","0.000004","3072.000000","249.049849","243.000000","0","0","2829.000000","243.000000","32.486617","2.000000","0.649732","32.508655","32.459320","550577519.000000","32.486617","44.635823","34978288.000000","0","0","34978230.000000","0","7.000000","0","0","0","0","0","0","0","0","0","0","0","0","0","0","0","0","0","0","0","0","0","0","0","0","0","0","0","0","0","0","0","0","0","0","0","0","0","0","0","0","0","0","0","0","0","0","515591832.000000","34978307.000000","515604863.000000","728714.729167","728803.000000","728651.000000","34978307.000000","0","1.000000","0","0","0","0","0","0","1.000000","0","0","0","0","0","0","0","0","0","0","0","2.167641","2.000000","0.043353","36736794.000000","2.978285","0","0","0","0","0","0","1755680.000000","34978294.000000","1755680.000000","34978266.000000","0","1.000000","0","0","0","0","0","60.637270","1.000000","0.606373","513834941.000000","41.657068","0","0","0","0","0","0","513846411.000000","6.000000","513846411.000000","6.000000","26.079682","26.125988","26.045207","26.079682","86.242382","86.309097","86.188761","86.242382","86.242382","86.309097","86.188761","86.242382","0","0","323681241","0","0","698548994","184461426","0","0","1","1","1","1","0","0","0","0","0","0","0","0","1","0","0","0","0","0","0","0","0","0","0","0","0.000000","0.000000","0.000000","0.000000","2.947090","2.947090","2.947090","2.947090","0","0","0","55.508992","1","1","4.000000","0","2","1.887437","1.887437","1.887437","81.159797","1.887437","1.887437","1.887437","81.159797","43.000000","0","1","1","1","1","76852649.000000","59982131.000000","0","0","906440142","906440142","906440142","906440142","0","no data","no data","0","0","0","0","13291769940","13291769940","13291769940","13291769940","13016211.464789","13134493.000000","12907610.000000","1848302028.000000","13136560.915493","1.064993","13136562.000000","1.064993","13136559.000000","1.064993","1865391650.000000","151.229007","82.895106","17837.000000","0.001912","12.148537","0.490435","0.485941","13.663770","0.551604","0.546551","11.779411","0.475533","0.471176","12.148537","69.641709","69.003692","0.006339","0.006281","0.007130","0.007064","0.006146","0.006090","0.006339","0.006281","12.027196","11.917010","13.411737","13.288866","11.661723","11.554885","12.027196","11.917010","0.331178","0.328144","0.369297","0.365914","0.321117","0.318175","0.331178","0.328144","1.212224","1.351754","1.175407","1.212224","2.086892","2.067773","2.327175","2.305855","2.023500","2.004962","2.086892","2.067773","0","0","0","0","0","0","0","0","0","0","0","0","0","0","0","0","0","0","0","0","0","0","14.812878","14.677171","16.373689","16.223683","14.362628","14.231046","14.812878","14.677171","0","0","0","0","0","0","0","0","0","0","0","0","1.876170","1.858982","2.092122","2.072955","1.819062","1.802397","1.876170","1.858982","0","0","0","0","0","0","0","0","12.150422","0.490511","13.548868","0.546966","11.780505","0.475577","12.150422","69.652510","12.150422","13.663770","11.780505","12.150422","0","0","0","0","12.150422","13.548868","11.780505","12.150422","48.000000","100.000000","14.677171","16.223683","14.231046","14.677171","0","0","0","0","2.351572","2.604140","2.278435","2.351572","4.894484","5.410249","4.745712","4.894484","4.004786","4.467889","3.878625","4.004786","3.223124","3.594198","3.124455","3.223124","0","0","1024","1090552836952.19","0","0","0","0","1024","1090552836952.19","0","0","0","0","1024","1090552836952.19","0","0","0","0","145408","154858502847210.50","0","0","0","0","2048","2181105673904.37","0","0","0","0","2048","2181105673904.37","0","0","0","0","2048","2181105673904.37","0","0","0","0","290816","309717005694421","0","0","0","0","1024","1090552836952.19","0","0","0","0","1024","1090552836952.19","0","0","0","0","1024","1090552836952.19","0","0","0","0","145408","154858502847210.50","0","0","0","0","2048","2181105673904.37","0","0","0","0","2048","2181105673904.37","0","0","0","0","2048","2181105673904.37","0","0","0","0","290816","309717005694421","0","0","0","0","1024","1090552836952.19","0","0","0","0","1024","1090552836952.19","0","0","0","0","1024","1090552836952.19","0","0","0","0","145408","154858502847210.50","0","0","0","0","2048","2181105673904.37","0","0","0","0","2048","2181105673904.37","0","0","0","0","2048","2181105673904.37","0","0","0","0","290816","309717005694421","0","0","0","0","3.61","3839974778.00","0","0","0","0","3.61","3839974778.00","0","0","0","0","3.61","3839974778.00","0","0","0","0","512","545276418476.09","0","0","0","0","2048","2181105673904.37","0","0","0","0","2048","2181105673904.37","0","0","0","0","2048","2181105673904.37","0","0","0","0","290816","309717005694421","0","0","0","0","4096","4362211347808.75","0","0","0","0","4096","4362211347808.75","0","0","0","0","4096","4362211347808.75","0","0","0","0","581632","619434011388842","0","0","0","0","16384","17448845391234.99","0","0","0","0","16384","17448845391234.99","0","0","0","0","16384","17448845391234.99","0","0","0","0","2326528","2477736045555368","0","0","0","0","4096","4362211347808.75","0","0","0","0","4096","4362211347808.75","0","0","0","0","4096","4362211347808.75","0","0","0","0","581632","619434011388842","0","0","0","0","8192","8724422695617.49","0","0","0","0","8192","8724422695617.49","0","0","0","0","8192","8724422695617.49","0","0","0","0","1163264","1238868022777684","0","0","0","0","2048","2181105673904.37","0","0","0","0","2048","2181105673904.37","0","0","0","0","2048","2181105673904.37","0","0","0","0","290816","309717005694421","0","0","0","0","4096","4362211347808.75","0","0","0","0","4096","4362211347808.75","0","0","0","0","4096","4362211347808.75","0","0","0","0","581632","619434011388842","0","0","0","0","512","545276418476.09","0","0","0","0","512","545276418476.09","0","0","0","0","512","545276418476.09","0","0","0","0","72704","77429251423605.25","0","0","0","0","1024","1090552836952.19","0","0","0","0","1024","1090552836952.19","0","0","0","0","1024","1090552836952.19","0","0","0","0","145408","154858502847210.50","0","0","12.027196","11.917010","13.411737","13.288866","11.661723","11.554885","12.027196","11.917010","2.139977","2.120372","2.406236","2.384191","2.095915","2.076714","2.139977","2.120372","4.240743","4.768383","4.153427","4.240743","0","0","0","0","0","0","0","0","0","0","0","0","0","0","0","0","0","0","0","0","0","0","0","0","0","0","0","0","0","0","0","0","0","0","0","2.000000","2.000000","2.000000","284.000000","128.000000","128.000000","128.000000","18176.000000","64.000000","64.000000","64.000000","9088.000000","14.677171","16.223683","14.231046","14.677171","97.667171","46.880242","98.232399","47.151552","96.584394","46.360509","97.667171","6656.994367","95.390506","95.405301","0","0.360620","0.004800","0.025308","0.000667","35.184809","55.046811","0.037159","0","0.086163","0.000317","0.156879","0.635017","1.000000","0.020048","0","0","2.778233","7497313","13032342.875000","13144177.000000","12933458.000000","7402370753.000000","13136560.915493","1.064993","13136562.000000","1.064993","13136559.000000","1.064993","7461566600.000000","604.916027","99.997552","217792060.000000","2.918852","1595900.010563","1795100.000000","1547140.000000","906471206.000000","165106.876761","182514.000000","160051.000000","93780706.000000","0","0","0","0","0","0","0","0","0","0","0","0","0","0","0","0","0","0","0","0","0","0","0","0","1596147.522887","1779923.000000","1547380.000000","906611793.000000","12.247587","0.12","13.657736","0.14","11.873383","0.12","12.247587","69.57","87.752413","87.200391","87.367852","87.752413","12.000000","2","33.554432","0","7","4096.000000","450260","0","0","1773","1563","20","10","125","112","17","17","163286","147288","262004","232793","174","111","0","0","413","378","4","2","808","699","2952","0","4789","0","89","82","0","0","0","0","13806","11799","90.469733","32.000000","9.987631","32.000000","1.602065","32.000000","0","32.000000","0","13199.494718","14592.000000","12284.000000","7497313.000000","0","0","0","0","0","0","0","76852649.000000","59982131.000000","0","0","0","0","0","0","0","0","0","0","0","0","0","0","0","0","0","0","0","0","0","0","0","0","0","0","0","0","0","0","0","0","0","0","0","0","0","0","0","0","0","0","0","0","0","0","0","0","0","0","15.06","14.66","12.000000","11.683035","12.000000","11.791108","12.000000","11.573813","6816.000000","6635.963981","0.200255","0.225714","0.192837","113.744723","13651678644","13291769940"
"14","19582","onpair-chunk-bench","127.0.0.1","onpair_u64","1","14","(64, 1, 1)","(29291, 1, 1)","0","8.9","","","","29291.000000","","","1523297.51","618839.570423","13054198.894366","1510.193349","","11.692165","","4.057522","0","143052.099809","20313398.172900","0","0","2802","2624","8160.000000","461","18176","913029910445.28","0","0","3.072000","95.435836","0","0","514.087568","5270.000000","10876.000000","1.176000","568.000000","36352.000000","36352.000000","0.103457","0","0","0","0","0","93780706","906471206","0","0","nan","0","400","2","0","1","1","1","1","1","1","1","1","402","2520000","0","8","9","0","1","1","1","No-CC","1","1","1","0","0","NVIDIA L40S","1","1","384","6","1","1","384","1","1","1","0","1","649662686","9913","32000","16","3","3","16000","16","161","407965918","1","1","0","0","0","0","1","402","0","1","0","100663296","48","24","71","1","1","134213632","1024","1024","64","24","2520000","2147483647","65535","65535","4","1","9001000","69206016","2147483647","65536","65536","255","49152","101376","102400","1024","1536","48","12","2048","32768","32768","65536","32768","2048","32768","131072","16384","16384","16384","2046","32768","32768","2048","32768","268435456","32768","131072","32768","32768","65536","32768","2048","32768","65000","2097120","131072","32768","32768","131072","16384","32768","16384","8192","16384","8192","2046","32768","32768","1","9001000","1","9","0","0","0","0","142","8","4","1","0","0","0","141","0","0","1","17","1024","8","64","1","1","512","0","0","512","32","65536","47665709056","1","0","1","32","8.000000","15.896048","8.000000","15.910425","8.000000","15.876441","96.000000","190.752571","1.458695","13.715452","118.395630","891.474560","8.382135","72.356941","24480930.666667","22.097587","24503072.000000","22.117573","24450736.000000","22.070332","293771168.000000","22.097587","110785536.000000","8.991959","110785536.000000","8.991959","110785536.000000","8.991959","1329426432.000000","107.903505","45584212.000000","27858580.000000","17.354697","17.365101","17.334976","17.354697","79.882279","2176.000000","0.002764","2485.000000","0.003156","3072.000000","0.001951","13121284.500000","1.064995","13121286.000000","1.064995","13121282.000000","1.064995","157455414.000000","12.779941","32.583270","32.606684","32.555399","32.583270","26.056825","26.103318","26.027704","26.056825","86.347566","86.407065","86.292455","86.347566","0","0","0","0","86.347566","86.407065","86.292455","86.347566","22.097587","22.117573","22.070332","22.097587","12.320512","12.320512","12.320512","12.320512","0","0","0","0","0","0","0","906440142","13020676.154930","13119233.000000","12897252.000000","1848936014.000000","13121284.478873","1.064995","13121286.000000","1.064995","13121282.000000","1.064995","1863222396.000000","151.229299","0","0","0","0","1.863220","2.078491","1.805630","1.863220","0.938081","1.046404","0.908731","0.938081","11.609420","13.018680","11.236476","11.609420","58582","0.003144","0","0","0","0","0","0","0","0","0","0","0","0","0","0","4.716463","5.262930","4.574903","4.716463","1","50.232720","1","55.594362","1","48.665672","87882781.000000","4.716709","142","7.133046","14.694259","16.243257","14.246852","14.694259","39.177130","43.741045","38.011393","39.177130","16.442965","27.578170","1.334601","0","0","0","0","513842648.000000","27.578170","0","0","0","0","0","0","1.175294","1.971205","95.393256","1.971205","2.202551","1.907214","1.971205","0","0","36738078.000000","1.971749","0","0","0","0","0","0","0","0","77458075","4.157210","0","0","84445136","4.532209","0","0","0","0","0","0","0","0","0","0","0","0","0","0","0","0","76852649","4.124717","0","0","59982131","3.219268","0","0","0","0","0","0","0","0","0","0","0","0","0","0","92.375028","0","80.012597","0","96.788670","0","0","0","0","0","0","0","0","0","0","183744172.000000","147018484.000000","36725688.000000","0","0","0","514804822.000000","498272740.000000","16532082.000000","0","0","0","0","0","0","0","0","0","0","0","0","0","0","0","0","0","0","0","0","0","0","0","0","0","0","0.000091","0.000091","0.000091","0.000091","78.354260","78.354260","87.470042","87.470042","76.351481","76.351481","78.354260","78.354260","0","64","1","1","64","1","0","CachePreferNone","1","29291","1","1","29291","","24.000000","24.000000","32.000000","24.000000","2540","5264","576","18.874368","34","40.000000","32.768000","1.024000","1.024000","1.024000","0","0","142","1024","14","1874624","71","all","0","0","0","0","0","8.59","0","0","17589924.937500","17599436.000000","17580867.000000","844316397.000000","17632785.000000","1.431173","17632785.000000","1.431173","17632785.000000","1.431173","846373680.000000","68.696307","0","0","0","0","18.012262","18.026273","17.996522","18.012262","4.245280","4.252068","4.239767","4.245280","0.000000","0.000011","0","0.000000","0","0","0","0","0","0","0","0","0","2.170692","2","62.132706","2.195254","2","62.835781","2.166688","2","62.018121","2.170692","96","2.982370","220962320.000000","768.000000","220513179.000000","0","0","12799255.000000","0","207745571.000000","93.484035","4.796826","99.814156","11490675.750000","32.583270","2.000000","0.651665","11498933.000000","32.606684","11480847.000000","32.555399","551552436.000000","32.583270","44.767006","35931574.000000","0","2.000000","0.013963","8.000000","0.001117","945419.000000","76.735366","10716.000000","953010.000000","0","0","0","0","515595546.000000","35929760.000000","515613474.000000","35930166.000000","0.000363","1.000000","0.000004","3072.000000","249.340287","243.000000","0","0","2829.000000","243.000000","32.525865","2.000000","0.650517","32.545687","32.498267","550580726.000000","32.525865","44.688137","34978296.000000","0","0","34978242.000000","0","10.000000","0","0","0","0","0","0","0","0","0","0","0","0","0","0","0","0","0","0","0","0","0","0","0","0","0","0","0","0","0","0","0","0","0","0","0","0","0","0","0","0","0","0","0","0","0","0","515600580.000000","34978277.000000","515602546.000000","728714.104167","728798.000000","728654.000000","34978277.000000","0","1.000000","0","0","0","0","0","0","1.000000","0","0","0","0","0","0","0","0","0","0","0","2.170369","2.000000","0.043407","36738861.000000","2.981926","0","0","0","0","0","0","1753937.000000","34978273.000000","1753937.000000","34978252.000000","0","1.000000","0","0","0","0","0","60.711437","1.000000","0.607114","513845626.000000","41.706516","0","0","0","0","0","0","513849123.000000","11.000000","513849123.000000","11.000000","26.111814","26.153503","26.081002","26.111814","86.347566","86.407065","86.292455","86.347566","86.347566","86.407065","86.292455","86.347566","0","0","323681241","0","0","698548994","184461426","0","0","1","1","1","1","0","0","0","0","0","0","0","0","1","0","0","0","0","0","0","0","0","0","0","0","41.556715","41.556715","41.556715","41.556715","2.950527","2.950527","2.950527","2.950527","0","0","0","55.771136","1","1","4.000000","0","2","1.887437","1.887437","1.887437","81.159797","1.887437","1.887437","1.887437","81.159797","43.000000","0","1","1","1","1","76852649.000000","59982131.000000","0","0","906440142","906440142","906440142","906440142","0","no data","no data","0","0","0","0","13291769940","13291769940","13291769940","13291769940","13020676.154930","13119233.000000","12897252.000000","1848936014.000000","13121284.478873","1.064995","13121286.000000","1.064995","13121282.000000","1.064995","1863222396.000000","151.229299","83.328637","17743.000000","0.001905","12.162681","0.490266","0.486507","13.444833","0.541949","0.537793","11.792333","0.475338","0.471693","12.162681","69.617829","69.084030","0.006337","0.006288","0.007004","0.006951","0.006144","0.006097","0.006337","0.006288","12.023072","11.930885","13.407138","13.304338","11.656814","11.567435","12.023072","11.930885","0.331065","0.328526","0.369180","0.366349","0.320978","0.318517","0.331065","0.328526","1.213625","1.353381","1.176630","1.213625","2.086176","2.070180","2.326377","2.308539","2.022574","2.007065","2.086176","2.070180","0","0","0","0","0","0","0","0","0","0","0","0","0","0","0","0","0","0","0","0","0","0","14.807799","14.694259","16.368920","16.243410","14.356551","14.246471","14.807799","14.694259","0","0","0","0","0","0","0","0","0","0","0","0","1.875527","1.861146","2.091305","2.075269","1.818469","1.804526","1.875527","1.861146","0","0","0","0","0","0","0","0","12.164566","0.490342","13.564099","0.546756","11.794541","0.475427","12.164566","69.628615","12.164566","13.564099","11.794541","12.164566","0","0","0","0","12.164566","13.564099","11.794541","12.164566","48.000000","100.000000","14.694259","16.243410","14.246471","14.694259","0","0","0","0","2.353739","2.648704","2.279327","2.353739","4.900182","5.416787","4.750856","4.900182","4.009223","4.397100","3.880923","4.009223","3.226877","3.536315","3.127522","3.226877","0","0","1024","1090554946609.86","0","0","0","0","1024","1090554946609.86","0","0","0","0","1024","1090554946609.86","0","0","0","0","145408","154858802418600.81","0","0","0","0","2048","2181109893219.73","0","0","0","0","2048","2181109893219.73","0","0","0","0","2048","2181109893219.73","0","0","0","0","290816","309717604837201.62","0","0","0","0","1024","1090554946609.86","0","0","0","0","1024","1090554946609.86","0","0","0","0","1024","1090554946609.86","0","0","0","0","145408","154858802418600.81","0","0","0","0","2048","2181109893219.73","0","0","0","0","2048","2181109893219.73","0","0","0","0","2048","2181109893219.73","0","0","0","0","290816","309717604837201.62","0","0","0","0","1024","1090554946609.86","0","0","0","0","1024","1090554946609.86","0","0","0","0","1024","1090554946609.86","0","0","0","0","145408","154858802418600.81","0","0","0","0","2048","2181109893219.73","0","0","0","0","2048","2181109893219.73","0","0","0","0","2048","2181109893219.73","0","0","0","0","290816","309717604837201.62","0","0","0","0","3.61","3839982206.37","0","0","0","0","3.61","3839982206.37","0","0","0","0","3.61","3839982206.37","0","0","0","0","512","545277473304.93","0","0","0","0","2048","2181109893219.73","0","0","0","0","2048","2181109893219.73","0","0","0","0","2048","2181109893219.73","0","0","0","0","290816","309717604837201.62","0","0","0","0","4096","4362219786439.46","0","0","0","0","4096","4362219786439.46","0","0","0","0","4096","4362219786439.46","0","0","0","0","581632","619435209674403.25","0","0","0","0","16384","17448879145757.84","0","0","0","0","16384","17448879145757.84","0","0","0","0","16384","17448879145757.84","0","0","0","0","2326528","2477740838697613","0","0","0","0","4096","4362219786439.46","0","0","0","0","4096","4362219786439.46","0","0","0","0","4096","4362219786439.46","0","0","0","0","581632","619435209674403.25","0","0","0","0","8192","8724439572878.92","0","0","0","0","8192","8724439572878.92","0","0","0","0","8192","8724439572878.92","0","0","0","0","1163264","1238870419348806.50","0","0","0","0","2048","2181109893219.73","0","0","0","0","2048","2181109893219.73","0","0","0","0","2048","2181109893219.73","0","0","0","0","290816","309717604837201.62","0","0","0","0","4096","4362219786439.46","0","0","0","0","4096","4362219786439.46","0","0","0","0","4096","4362219786439.46","0","0","0","0","581632","619435209674403.25","0","0","0","0","512","545277473304.93","0","0","0","0","512","545277473304.93","0","0","0","0","512","545277473304.93","0","0","0","0","72704","77429401209300.41","0","0","0","0","1024","1090554946609.86","0","0","0","0","1024","1090554946609.86","0","0","0","0","1024","1090554946609.86","0","0","0","0","145408","154858802418600.81","0","0","12.023072","11.930885","13.407138","13.304338","11.656814","11.567435","12.023072","11.930885","2.139243","2.122840","2.405778","2.387331","2.074278","2.058373","2.139243","2.122840","4.245681","4.774662","4.116746","4.245681","0","0","0","0","0","0","0","0","0","0","0","0","0","0","0","0","0","0","0","0","0","0","0","0","0","0","0","0","0","0","0","0","0","0","0","2.000000","2.000000","2.000000","284.000000","128.000000","128.000000","128.000000","18176.000000","64.000000","64.000000","64.000000","9088.000000","14.694259","16.243410","14.246471","14.694259","97.384483","46.744552","98.133956","47.104299","96.768111","46.448693","97.384483","6637.726362","95.403258","95.418039","0","0.360645","0.004815","0.025237","0.000665","35.262970","55.108273","0.037077","0","0.085928","0.000318","0.156878","0.635119","1.000000","0.020013","0","0","2.778229","7497313","12989256.117958","13094890.000000","12872041.000000","7377897475.000000","13121284.478873","1.064995","13121286.000000","1.064995","13121282.000000","1.064995","7452889584.000000","604.917197","99.997645","217792060.000000","2.922250","1595900.010563","1764150.000000","1547199.000000","906471206.000000","165106.876761","184115.000000","160069.000000","93780706.000000","0","0","0","0","0","0","0","0","0","0","0","0","0","0","0","0","0","0","0","0","0","0","0","0","1596147.269366","1779919.000000","1547266.000000","906611649.000000","12.288212","0.12","13.703010","0.14","11.911891","0.12","12.288212","69.80","87.711788","87.110231","87.185709","87.711788","12.000000","2","33.554432","0","7","4096.000000","450722","0","0","1766","1569","23","11","130","109","15","14","163993","147948","261740","232268","168","113","0","0","396","375","0","0","776","671","3001","0","4897","0","90","82","0","0","0","0","13727","11740","90.469733","32.000000","9.987631","32.000000","1.602065","32.000000","0","32.000000","0","13199.494718","14591.000000","12286.000000","7497313.000000","0","0","0","0","0","0","0","76852649.000000","59982131.000000","0","0","0","0","0","0","0","0","0","0","0","0","0","0","0","0","0","0","0","0","0","0","0","0","0","0","0","0","0","0","0","0","0","0","0","0","0","0","0","0","0","0","0","0","0","0","0","0","0","0","15.06","14.66","12.000000","11.723354","12.000000","11.831556","12.000000","11.597921","6816.000000","6658.865179","0.200952","0.226966","0.194145","114.140587","13651678644","13291769940"
"15","19582","onpair-chunk-bench","127.0.0.1","onpair_u64","1","14","(64, 1, 1)","(29291, 1, 1)","0","8.9","","","","29291.000000","","","1523445.56","618870.852113","13015520.690141","1509.729490","","11.729486","","4.070474","0","142679.400800","20260474.913664","0","0","2802","2624","8160.000000","461","18176","913844659588.41","0","0","3.072000","95.537520","0","0","514.087568","5270.000000","10876.000000","1.176000","568.000000","36352.000000","36352.000000","0.103457","0","0","0","0","0","93780706","906471206","0","0","nan","0","400","2","0","1","1","1","1","1","1","1","1","402","2520000","0","8","9","0","1","1","1","No-CC","1","1","1","0","0","NVIDIA L40S","1","1","384","6","1","1","384","1","1","1","0","1","649662686","9913","32000","16","3","3","16000","16","161","407965918","1","1","0","0","0","0","1","402","0","1","0","100663296","48","24","71","1","1","134213632","1024","1024","64","24","2520000","2147483647","65535","65535","4","1","9001000","69206016","2147483647","65536","65536","255","49152","101376","102400","1024","1536","48","12","2048","32768","32768","65536","32768","2048","32768","131072","16384","16384","16384","2046","32768","32768","2048","32768","268435456","32768","131072","32768","32768","65536","32768","2048","32768","65000","2097120","131072","32768","32768","131072","16384","32768","16384","8192","16384","8192","2046","32768","32768","1","9001000","1","9","0","0","0","0","142","8","4","1","0","0","0","141","0","0","1","17","1024","8","64","1","1","512","0","0","512","32","65536","47665709056","1","0","1","32","8.000000","15.907977","8.000000","15.920853","8.000000","15.884207","96.000000","190.895729","1.458356","13.725230","118.480164","891.353344","8.388917","72.415565","24476141.333333","22.114148","24495952.000000","22.132046","24439568.000000","22.081104","293713696.000000","22.114148","110680917.333333","8.991968","110681088.000000","8.991982","110680576.000000","8.991941","1328171008.000000","107.903622","45573632.000000","27854792.000000","17.365141","17.375473","17.349989","17.365141","80.512928","2235.000000","0.002842","2485.000000","0.003159","3072.000000","0.001953","13108894.666667","1.064996","13108899.000000","1.064997","13108892.000000","1.064996","157306736.000000","12.779956","32.608263","32.630379","32.583835","32.608263","26.078167","26.123356","26.046386","26.078167","86.414897","86.473607","86.359677","86.414897","0","0","0","0","86.414897","86.473607","86.359677","86.414897","22.114148","22.132046","22.081104","22.114148","12.308864","12.308864","12.308864","12.308864","0","0","0","0","0","0","0","906440142","13018268.232394","13106776.000000","12903959.000000","1848594089.000000","13108894.661972","1.064996","13108899.000000","1.064997","13108892.000000","1.064996","1861463042.000000","151.229475","0","0","0","0","1.864987","2.069032","1.799648","1.864987","0.938964","1.041545","0.905723","0.938964","11.618762","12.954563","11.203416","11.618762","58582","0.003147","0","0","0","0","0","0","0","0","0","0","0","0","0","0","4.720837","5.315139","4.575786","4.720837","1","50.277545","1","56.150429","1","49.198123","87878044.000000","4.720913","142","7.139411","14.708147","16.542630","14.260699","14.708147","39.214400","44.108440","37.946220","39.214400","16.442941","27.604195","1.335862","0","0","0","0","513841893.000000","27.604195","0","0","0","0","0","0","1.175223","1.972950","95.477806","1.972950","2.203191","1.911382","1.972950","0","0","36736700.000000","1.973539","0","0","0","0","0","0","0","0","77458075","4.161140","0","0","84445137","4.536493","0","0","0","0","0","0","0","0","0","0","0","0","0","0","0","0","76852649","4.128615","0","0","59982131","3.222311","0","0","0","0","0","0","0","0","0","0","0","0","0","0","92.374524","0","80.008498","0","96.787580","0","0","0","0","0","0","0","0","0","0","183744172.000000","147010953.000000","36733219.000000","0","0","0","514804822.000000","498267131.000000","16537691.000000","0","0","0","0","0","0","0","0","0","0","0","0","0","0","0","0","0","0","0","0","0","0","0","0","0","0","0.000092","0.000092","0.000092","0.000092","78.428799","78.428799","88.025011","88.025011","75.971974","75.971974","78.428799","78.428799","0","64","1","1","64","1","0","CachePreferNone","1","29291","1","1","29291","","24.000000","24.000000","32.000000","24.000000","2540","5264","576","18.874368","34","40.000000","32.768000","1.024000","1.024000","1.024000","0","0","142","1024","14","1874624","71","all","0","0","0","0","0","8.59","0","0","17570614.604167","17575275.000000","17562440.000000","843389501.000000","17618732.000000","1.431386","17618732.000000","1.431386","17618732.000000","1.431386","845699136.000000","68.706514","0","0","0","0","18.025803","18.037541","18.013998","18.025803","4.249742","4.254761","4.244045","4.249742","0.000000","0.000011","0","0.000000","0","0","0","0","0","0","0","0","0","2.172682","2","62.198906","2.194403","2","62.820744","2.168618","2","62.082577","2.172682","96","2.985547","220990696.000000","768.000000","220558842.000000","0","0","12807427.000000","0","207738671.000000","93.486825","4.779278","99.811923","11490324.958333","32.608263","2.000000","0.652165","11498118.000000","32.630379","11481717.000000","32.583835","551535598.000000","32.608263","44.808002","35934184.000000","0","2.000000","0.014150","8.000000","0.001132","957355.000000","77.777689","6301.000000","955646.000000","0","0","0","0","515612462.000000","35925730.000000","515613122.000000","35931856.000000","0.000363","1.000000","0.000004","3072.000000","249.576240","243.000000","0","0","2829.000000","243.000000","32.551682","2.000000","0.651034","32.570999","32.525496","550578593.000000","32.551682","44.730252","34978268.000000","0","0","34978304.000000","0","14.000000","0","0","0","0","0","0","0","0","0","0","0","0","0","0","0","0","0","0","0","0","0","0","0","0","0","0","0","0","0","0","0","0","0","0","0","0","0","0","0","0","0","0","0","0","0","0","515600994.000000","34978310.000000","515599592.000000","728714.791667","728796.000000","728656.000000","34978310.000000","0","1.000000","0","0","0","0","0","0","1.000000","0","0","0","0","0","0","0","0","0","0","0","2.171552","2.000000","0.043431","36729596.000000","2.983996","0","0","0","0","0","0","1759951.000000","34978262.000000","1759951.000000","34978249.000000","0","1.000000","0","0","0","0","0","60.760144","1.000000","0.607601","513848016.000000","41.746177","0","0","0","0","0","0","513844869.000000","12.000000","513844869.000000","12.000000","26.131958","26.179131","26.100289","26.131958","86.414897","86.473607","86.359677","86.414897","86.414897","86.473607","86.359677","86.414897","0","0","323681241","0","0","698548994","184461426","0","0","1","1","1","1","0","0","0","0","0","0","0","0","1","0","0","0","0","0","0","0","0","0","0","0","0.000000","0.000000","0.000000","0.000000","2.953319","2.953319","2.953319","2.953319","0","0","0","55.574528","1","1","4.000000","0","2","1.887437","1.887437","1.887437","81.159797","1.887437","1.887437","1.887437","81.159797","43.000000","0","1","1","1","1","76852649.000000","59982131.000000","0","0","906440142","906440142","906440142","906440142","0","no data","no data","0","0","0","0","13291769940","13291769940","13291769940","13291769940","13018268.232394","13106776.000000","12903959.000000","1848594089.000000","13108894.661972","1.064996","13108899.000000","1.064997","13108892.000000","1.064996","1861463042.000000","151.229475","82.653917","17883.000000","0.001921","12.174177","0.490357","0.486967","13.692609","0.551517","0.547704","11.803819","0.475440","0.472153","12.174177","69.630706","69.149324","0.006338","0.006294","0.007128","0.007079","0.006145","0.006103","0.006338","0.006294","12.025296","11.942161","13.409230","13.316527","11.659373","11.578768","12.025296","11.942161","0.331126","0.328837","0.369237","0.366684","0.321049","0.318829","0.331126","0.328837","1.214778","1.354637","1.177826","1.214778","2.086562","2.072137","2.326696","2.310611","2.022976","2.008991","2.086562","2.072137","0","0","0","0","0","0","0","0","0","0","0","0","0","0","0","0","0","0","0","0","0","0","14.810538","14.708147","16.371947","16.258762","14.360666","14.261385","14.810538","14.708147","0","0","0","0","0","0","0","0","0","0","0","0","1.875874","1.862905","2.082696","2.068298","1.809887","1.797375","1.875874","1.862905","0","0","0","0","0","0","0","0","12.176062","0.490433","13.518434","0.544502","11.747751","0.473181","12.176062","69.641487","12.176062","13.692609","11.803819","12.176062","0","0","0","0","12.176062","13.518434","11.747751","12.176062","48.000000","100.000000","14.708147","16.258762","14.261385","14.708147","0","0","0","0","2.355768","2.632541","2.278640","2.355768","4.904814","5.421947","4.755829","4.904814","4.012952","4.477593","3.889085","4.012952","3.229927","3.602729","3.130813","3.229927","0","0","1024","1090556214924.40","0","0","0","0","1024","1090556214924.40","0","0","0","0","1024","1090556214924.40","0","0","0","0","145408","154858982519264.16","0","0","0","0","2048","2181112429848.79","0","0","0","0","2048","2181112429848.79","0","0","0","0","2048","2181112429848.79","0","0","0","0","290816","309717965038528.31","0","0","0","0","1024","1090556214924.40","0","0","0","0","1024","1090556214924.40","0","0","0","0","1024","1090556214924.40","0","0","0","0","145408","154858982519264.16","0","0","0","0","2048","2181112429848.79","0","0","0","0","2048","2181112429848.79","0","0","0","0","2048","2181112429848.79","0","0","0","0","290816","309717965038528.31","0","0","0","0","1024","1090556214924.40","0","0","0","0","1024","1090556214924.40","0","0","0","0","1024","1090556214924.40","0","0","0","0","145408","154858982519264.16","0","0","0","0","2048","2181112429848.79","0","0","0","0","2048","2181112429848.79","0","0","0","0","2048","2181112429848.79","0","0","0","0","290816","309717965038528.31","0","0","0","0","3.61","3839986672.27","0","0","0","0","3.61","3839986672.27","0","0","0","0","3.61","3839986672.27","0","0","0","0","512","545278107462.20","0","0","0","0","2048","2181112429848.79","0","0","0","0","2048","2181112429848.79","0","0","0","0","2048","2181112429848.79","0","0","0","0","290816","309717965038528.31","0","0","0","0","4096","4362224859697.58","0","0","0","0","4096","4362224859697.58","0","0","0","0","4096","4362224859697.58","0","0","0","0","581632","619435930077056.62","0","0","0","0","16384","17448899438790.33","0","0","0","0","16384","17448899438790.33","0","0","0","0","16384","17448899438790.33","0","0","0","0","2326528","2477743720308226.50","0","0","0","0","4096","4362224859697.58","0","0","0","0","4096","4362224859697.58","0","0","0","0","4096","4362224859697.58","0","0","0","0","581632","619435930077056.62","0","0","0","0","8192","8724449719395.17","0","0","0","0","8192","8724449719395.17","0","0","0","0","8192","8724449719395.17","0","0","0","0","1163264","1238871860154113.25","0","0","0","0","2048","2181112429848.79","0","0","0","0","2048","2181112429848.79","0","0","0","0","2048","2181112429848.79","0","0","0","0","290816","309717965038528.31","0","0","0","0","4096","4362224859697.58","0","0","0","0","4096","4362224859697.58","0","0","0","0","4096","4362224859697.58","0","0","0","0","581632","619435930077056.62","0","0","0","0","512","545278107462.20","0","0","0","0","512","545278107462.20","0","0","0","0","512","545278107462.20","0","0","0","0","72704","77429491259632.08","0","0","0","0","1024","1090556214924.40","0","0","0","0","1024","1090556214924.40","0","0","0","0","1024","1090556214924.40","0","0","0","0","145408","154858982519264.16","0","0","12.025296","11.942161","13.409230","13.316527","11.659373","11.578768","12.025296","11.942161","2.139639","2.124847","2.385596","2.369103","2.075439","2.061091","2.139639","2.124847","4.249694","4.738207","4.122182","4.249694","0","0","0","0","0","0","0","0","0","0","0","0","0","0","0","0","0","0","0","0","0","0","0","0","0","0","0","0","0","0","0","0","0","0","0","2.000000","2.000000","2.000000","284.000000","128.000000","128.000000","128.000000","18176.000000","64.000000","64.000000","64.000000","9088.000000","14.708147","16.258762","14.261385","14.708147","97.322217","46.714664","97.977603","47.029249","96.561717","46.349624","97.322217","6633.482284","95.521976","95.536766","0","0.360614","0.004810","0.025352","0.000853","35.191798","54.830842","0.037241","0","0.086110","0.000320","0.156863","0.634967","1.000000","0.020117","0","0","2.778231","7497313","13029988.177817","13110153.000000","12903593.000000","7401033285.000000","13108894.661972","1.064996","13108899.000000","1.064997","13108892.000000","1.064996","7445852168.000000","604.917900","99.997550","217792060.000000","2.925012","1595900.010563","1795100.000000","1546902.000000","906471206.000000","165106.876761","185716.000000","160075.000000","93780706.000000","0","0","0","0","0","0","0","0","0","0","0","0","0","0","0","0","0","0","0","0","0","0","0","0","1596147.110915","1779880.000000","1532253.000000","906611559.000000","12.249797","0.12","13.659874","0.14","11.759435","0.12","12.249797","69.58","87.750203","86.955359","87.270532","87.750203","12.000000","2","33.554432","0","7","4096.000000","451432","0","0","1787","1607","22","8","132","120","26","23","163900","147924","262503","233346","187","113","0","0","405","369","1","1","742","652","2905","0","4963","0","102","90","0","0","0","0","13757","11824","90.469733","32.000000","9.987631","32.000000","1.602065","32.000000","0","32.000000","0","13199.494718","14592.000000","12284.000000","7497313.000000","0","0","0","0","0","0","0","76852649.000000","59982131.000000","0","0","0","0","0","0","0","0","0","0","0","0","0","0","0","0","0","0","0","0","0","0","0","0","0","0","0","0","0","0","0","0","0","0","0","0","0","0","0","0","0","0","0","0","0","0","0","0","0","0","15.06","14.66","12.000000","11.701248","12.000000","11.804691","12.000000","11.549666","6816.000000","6646.308995","0.200312","0.223856","0.193041","113.776975","13651678644","13291769940"
