99005
98682
98589
98499
98484
98333
98266
98244
98203
98153
98106
97781
97773
97480
97475
97451
97436
97387
97297
97275
97174
96940
96916
96862
96661
96607
96601
96518
96508
96495
96031
95937
95628
95496
95353
93819
51616
50518
50452
49182
48699
48402
48328
47496
47473
47351
47237
47222
47188
47159
47055
46104
45904
45673
45629
44451
44424
44166
44143
43498
43155
42916
42636
42587
41184
41075
38322
36923
36806
36797
36782
36769
36766
36751
36692
36688
36680
36662
36657
36656
36648
36645
36642
36641
36639
36629
36619
36616
36615
36614
36612
36605
36591
36590
36560
36536
36531
36530
36528
36526
36525
36493
36486
36479
36476
36466
36460
36455
36441
36432
36428
36424
36416
36409
36401
36397
36394
36388
36383
36380
36378
36376
36371
36369
36356
36350
36347
36336
36330
36327
36325
36324
36303
36289
36286
36284
36281
36277
36276
36275
36269
36269
36265
36261
36252
36243
36240
36226
36221
36211
36189
36187
36178
36175
36169
36166
36162
36146
36141
36093
36077
36035
36000
35959
35621
19300
19298
19297
19272
19251
19204
19191
19188
19170
19169
19162
19132
19107
19107
19104
19103
19092
19090
19088
19073
19066
19058
19055
19052
19046
19046
19025
19020
19019
19006
18999
18986
18985
18973
18967
18966
18965
18961
18955
18951
18944
18937
18936
18936
18934
18932
18928
18928
18922
18922
18919
18917
18916
18916
18916
18913
18906
18902
18900
18900
18899
18897
18896
18896
18896
18895
18889
18889
18889
18888
18887
18884
18881
18874
18872
18869
18869
18866
18864
18864
18859
18856
18853
18852
18848
18847
18845
18843
18842
18842
18838
18835
18835
18834
18834
18830
18830
18826
18826
18824
18822
18816
18815
18814
18807
18807
18806
18806
18806
18803
18801
18799
18799
18797
18796
18791
18790
18788
18783
18782
18782
18780
18779
18778
18774
18772
18771
18770
18766
18766
18765
18764
18763
18762
18760
18759
18758
18753
18747
18744
18744
18741
18740
18738
18738
18734
18734
18734
18734
18733
18730
18728
18726
18724
18723
18716
18713
18713
18709
18708
18706
18699
18699
18695
18695
18694
18693
18687
18687
18685
18685
18685
18681
18677
18674
18665
18665
18663
18659
18658
18657
18655
18653
18652
18652
18649
18648
18645
18645
18645
18643
18641
18640
18640
18637
18637
18635
18631
18631
18631
18631
18629
18629
18627
18626
18624
18623
18622
18621
18621
18620
18619
18618
18616
18614
18613
18611
18610
18609
18606
18606
18606
18604
18604
18602
18602
18600
18596
18596
18595
18585
18584
18584
18581
18579
18579
18576
18575
18565
18564
18561
18553
18552
18551
18548
18547
18546
18545
18543
18542
18540
18539
18539
18538
18536
18536
18533
18528
18528
18527
18526
18526
18524
18521
18518
18518
18516
18511
18510
18510
18509
18509
18509
18509
18507
18503
18502
18501
18496
18492
18489
18488
18487
18487
18485
18484
18483
18483
18480
18480
18479
18477
18475
18474
18474
18472
18469
18469
18469
18469
18468
18465
18464
18462
18461
18460
18457
18456
18455
18453
18451
18451
18450
18450
18449
18448
18447
18443
18443
18443
18443
18441
18441
18440
18438
18438
18434
18429
18429
18426
18425
18424
18423
18423
18421
18421
18421
18420
18420
18419
18418
18417
18416
18414
18414
18412
18410
18410
18410
18408
18405
18405
18405
18402
18402
18397
18396
18396
18391
18391
18390
18389
18386
18386
18384
18382
18380
18378
18375
18375
18374
18373
18366
18364
18362
18360
18360
18357
18355
18353
18352
18350
18349
18346
18346
18346
18343
18338
18333
18330
18327
18327
18327
18325
18322
18319
18319
18318
18318
18317
18315
18314
18309
18307
18306
18304
18304
18303
18303
18298
18298
18297
18295
18295
18294
18289
18287
18284
18279
18278
18277
18276
18275
18274
18274
18274
18273
18271
18270
18270
18266
18265
18264
18263
18261
18259
18257
18256
18255
18254
18253
18253
18252
18251
18248
18242
18241
18241
18238
18237
18237
18233
18231
18229
18228
18227
18227
18227
18226
18225
18224
18221
18220
18219
18218
18217
18215
18213
18211
18210
18206
18203
18203
18202
18201
18201
18195
18195
18194
18194
18193
18189
18189
18189
18187
18185
18179
18177
18177
18175
18173
18166
18166
18160
18158
18157
18157
18149
18147
18146
18146
18143
18142
18142
18141
18138
18138
18136
18134
18134
18130
18130
18128
18127
18123
18121
18121
18120
18119
18117
18117
18116
18115
18112
18111
18109
18107
18106
18104
18104
18100
18099
18098
18097
18097
18096
18095
18095
18093
18091
18091
18090
18089
18088
18088
18088
18087
18086
18085
18085
18083
18082
18081
18080
18080
18078
18078
18076
18075
18073
18072
18069
18068
18066
18066
18062
18061
18061
18060
18058
18057
18055
18055
18055
18055
18054
18052
18047
18047
18045
18045
18045
18044
18044
18043
18043
18041
18039
18038
18036
18032
18030
18030
18027
18025
18023
18022
18022
18022
18020
18018
18017
18017
18015
18014
18012
18011
18010
18009
18005
18002
18002
18002
18001
18001
18000
17998
17998
17998
17996
17995
17995
17995
17993
17991
17990
17986
17985
17984
17983
17982
17981
17977
17976
17974
17974
17973
17973
17971
17971
17970
17970
17968
17968
17965
17963
17962
17961
17959
17959
17958
17958
17957
17957
17956
17954
17953
17952
17952
17951
17950
17947
17945
17945
17944
17942
17941
17941
17938
17938
17937
17937
17936
17936
17935
17934
17934
17933
17932
17931
17930
17929
17929
17928
17928
17927
17922
17922
17921
17917
17916
17914
17914
17911
17910
17910
17908
17908
17906
17906
17905
17904
17904
17902
17901
17901
17896
17895
17895
17892
17892
17891
17891
17891
17890
17890
17883
17882
17881
17879
17878
17875
17875
17873
17872
17871
17871
17870
17868
17868
17868
17866
17865
17865
17864
17862
17860
17858
17858
17855
17850
17848
17846
17846
17844
17843
17840
17839
17833
17831
17831
17829
17827
17826
17825
17824
17824
17816
17816
17815
17814
17813
17811
17811
17808
17808
17804
17802
17800
17796
17791
17789
17788
17780
17778
17776
17776
17775
17772
17768
17768
17767
17763
17761
17760
17759
17757
17757
17755
17755
17754
17752
17751
17751
17751
17750
17747
17747
17746
17743
17742
17741
17737
17732
17730
17729
17729
17728
17728
17727
17721
17721
17720
17720
17713
17712
17711
17710
17708
17704
17704
17704
17703
17703
17702
17702
17702
17695
17694
17691
17691
17688
17684
17680
17677
17674
17673
17669
17669
17668
17667
17665
17665
17662
17661
17660
17659
17659
17658
17658
17656
17656
17653
17653
17646
17645
17645
17641
17639
17639
17639
17635
17631
17630
17629
17629
17626
17625
17624
17623
17621
17620
17620
17618
17618
17618
17614
17613
17610
17609
17605
17605
17604
17601
17600
17600
17599
17597
17595
17591
17590
17589
17587
17585
17584
17582
17582
17576
17576
17574
17574
17574
17573
17571
17568
17568
17567
17565
17564
17564
17564
17562
17561
17556
17553
17550
17549
17547
17546
17546
17546
17543
17539
17537
17535
17534
17533
17533
17533
17532
17531
17523
17522
17522
17522
17521
17520
17514
17513
17513
17510
17510
17509
17509
17508
17507
17507
17506
17505
17505
17504
17499
17499
17496
17491
17490
17489
17485
17485
17485
17483
17482
17481
17478
17477
17473
17471
17470
17470
17463
17463
17459
17457
17456
17455
17454
17454
17453
17449
17448
17446
17445
17444
17441
17441
17441
17439
17426
17424
17422
17422
17421
17420
17420
17414
17414
17414
17411
17410
17407
17404
17403
17403
17402
17399
17398
17397
17394
17393
17392
17392
17390
17386
17386
17382
17382
17380
17379
17375
17374
17372
17366
17365
17362
17361
17359
17358
17353
17351
17349
17348
17345
17341
17340
17337
17335
17334
17332
17327
17322
17321
17319
17318
17317
17307
17301
17297
17296
17294
17293
17285
17284
17283
17282
17281
17279
17278
17275
17270
17260
17259
17257
17255
17254
17247
17241
17240
17234
17233
17229
17228
17227
17225
17225
17222
17219
17215
17214
17213
17211
17203
17197
17190
17189
17189
17181
17175
17174
17171
17170
17168
17166
17165
17158
17156
17149
17149
17147
17146
17142
17136
17129
17127
17124
17118
17116
17113
17107
17103
17101
17101
17100
17089
17086
17085
17082
17082
17080
17079
17075
17072
17061
17048
17045
17041
17031
17029
17029
17024
17021
17010
17010
17008
17004
16999
16999
16999
16994
16992
16991
16990
16983
16982
16982
16976
16973
16971
16957
16950
16946
16946
16940
16937
16925
16925
16924
16920
16917
16907
16898
16897
16891
16887
16876
16868
16864
16845
16844
16844
16841
16835
16835
16832
16822
16819
16818
16814
16805
16799
16793
16792
16778
16776
16770
16767
16753
16752
16750
16738
16737
16733
16701
16688
16677
16675
16657
16645
16644
16622
16602
16597
16591
16588
16583
16582
16559
16557
16529
16522
16518
16513
16503
16501
16498
16489
16485
16482
16479
16429
16425
16424
16422
16421
16417
16414
16406
16403
16391
16378
16373
16367
16356
16354
16305
16296
16263
16254
16252
16239
16223
16207
16206
16201
16177
16154
16147
16123
16070
16044
15996
15988
15948
15887
15850
15733
15672
15643
15599
15281
7165
4849
4017
2819
1614
1606
1605
1596
1587
1583
1582
1582
1577
1571
1569
1568
1566
1566
1566
1565
1564
1561
1561
1560
1556
1555
1554
1553
1551
1550
1549
1548
1548
1547
1546
1546
1545
1543
1543
1543
1542
1541
1539
1538
1536
1536
1534
1533
1533
1533
1532
1531
1530
1530
1529
1528
1527
1526
1525
1525
1525
1524
1523
1523
1523
1522
1521
1521
1520
1520
1518
1517
1517
1516
1516
1516
1516
1515
1515
1515
1514
1514
1514
1514
1514
1514
1513
1513
1513
1512
1512
1511
1511
1510
1510
1510
1509
1509
1508
1507
1507
1507
1506
1506
1506
1505
1504
1504
1503
1503
1502
1501
1501
1501
1500
1500
1499
1499
1498
1498
1497
1496
1495
1494
1494
1494
1494
1494
1493
1492
1491
1491
1490
1489
1488
1488
1487
1487
1487
1486
1486
1485
1485
1485
1485
1484
1483
1483
1482
1481
1481
1480
1479
1479
1477
1477
1476
1476
1475
1475
1473
1472
1471
1471
1469
1468
1467
1467
1466
1466
1466
1465
1464
1464
1464
1463
1461
1459
1459
1459
1456
1453
1452
1451
1450
1448
1444
1443
1443
1443
1443
1442
1441
1439
1438
1435
1434
1429
1427
1422
1415
1390
1326
1100
1082
1082
1071
1069
1068
1068
1066
1065
1064
1064
1062
1058
1058
1058
1057
1056
1053
1051
1051
1050
1050
1050
1049
1049
1048
1047
1047
1046
1046
1046
1046
1046
1045
1044
1043
1043
1043
1042
1041
1041
1040
1039
1038
1038
1038
1038
1037
1035
1035
1035
1035
1035
1035
1034
1034
1032
1032
1032
1031
1031
1030
1030
1030
1028
1028
1027
1026
1026
1025
1025
1025
1024
1024
1024
1024
1023
1023
1023
1022
1022
1022
1022
1022
1021
1021
1020
1020
1020
1020
1019
1019
1019
1018
1018
1018
1018
1018
1017
1017
1017
1017
1017
1017
1016
1016
1016
1016
1015
1015
1014
1014
1014
1013
1012
1012
1012
1012
1011
1011
1011
1011
1010
1010
1009
1009
1009
1008
1007
1007
1007
1006
1005
1005
1004
1004
1004
1004
1003
1003
1003
1002
1002
1001
1001
1001
1000
1000
1000
1000
999
999
998
998
998
998
998
998
997
997
996
996
996
996
996
996
995
995
994
993
993
993
992
992
992
992
990
990
990
990
990
988
988
987
987
987
987
987
987
987
987
986
986
986
986
985
984
983
983
983
982
982
982
981
979
978
977
977
977
976
975
974
973
972
972
971
971
971
970
970
968
968
966
966
966
966
965
965
964
963
962
961
959
958
957
956
955
954
954
954
952
952
952
950
950
945
944
938
938
937
937
914
582
582
575
574
573
572
570
568
568
568
567
564
562
560
559
559
558
558
557
557
557
556
555
554
554
553
552
552
552
552
552
551
550
550
550
550
550
550
550
550
549
549
549
549
548
548
548
547
547
547
547
547
547
547
547
547
547
546
546
546
546
546
546
545
545
545
544
544
544
544
544
544
544
544
544
544
544
543
543
543
543
543
543
542
542
542
542
542
542
542
542
542
542
542
542
542
541
541
541
541
541
541
540
540
540
540
540
540
540
539
539
539
539
539
539
539
539
539
539
539
538
538
538
538
538
538
538
538
538
538
537
537
537
537
537
537
537
537
537
537
537
537
536
536
536
536
536
536
536
536
536
536
535
535
535
535
535
535
535
535
535
535
535
534
534
534
534
534
534
534
534
534
534
534
534
533
533
533
533
533
533
533
533
533
533
533
533
533
533
532
532
532
532
532
532
532
532
532
532
532
532
532
532
532
531
531
531
531
531
531
531
531
531
531
531
531
531
531
531
530
530
530
530
530
530
530
530
530
530
530
530
530
530
530
529
529
529
529
529
529
529
529
529
529
529
529
528
528
528
528
528
528
528
528
528
528
528
528
528
528
528
528
527
527
527
527
527
527
527
527
527
527
527
527
527
527
527
527
527
527
526
526
526
526
526
526
526
526
526
526
526
526
526
526
526
526
526
526
526
526
526
525
525
525
525
525
525
525
525
525
525
525
525
525
525
525
525
525
525
525
524
524
524
524
524
524
524
524
524
524
524
524
524
524
524
524
524
524
524
524
524
524
524
523
523
523
523
523
523
523
523
523
523
523
523
523
523
523
523
523
523
523
523
523
523
522
522
522
522
522
522
522
522
522
522
522
522
522
522
522
522
522
522
522
522
522
522
522
522
521
521
521
521
521
521
521
521
521
521
521
521
521
521
521
521
521
521
521
521
521
521
521
521
520
520
520
520
520
520
520
520
520
520
520
520
520
520
520
520
520
520
520
520
520
519
519
519
519
519
519
519
519
519
519
519
519
519
519
519
519
519
519
519
519
519
519
519
519
519
519
519
519
519
518
518
518
518
518
518
518
518
518
518
518
518
518
518
518
518
518
518
518
518
518
518
518
518
518
518
518
518
518
518
518
518
518
518
517
517
517
517
517
517
517
517
517
517
517
517
517
517
517
517
517
517
517
517
517
517
517
517
517
516
516
516
516
516
516
516
516
516
516
516
516
516
516
516
516
516
516
516
516
516
516
516
516
516
515
515
515
515
515
515
515
515
515
515
515
515
515
515
515
515
515
515
515
515
515
515
515
515
515
515
515
515
515
514
514
514
514
514
514
514
514
514
514
514
514
514
514
514
514
514
514
514
514
514
514
514
514
514
514
514
514
514
514
514
514
514
514
513
513
513
513
513
513
513
513
513
513
513
513
513
513
513
513
513
513
513
513
513
513
513
513
513
513
513
513
513
513
513
513
513
513
513
513
513
512
512
512
512
512
512
512
512
512
512
512
512
512
512
512
512
512
512
512
512
512
512
512
512
512
512
511
511
511
511
511
511
511
511
511
511
511
511
511
511
511
511
511
511
511
511
511
511
511
511
511
511
511
511
511
511
510
510
510
510
510
510
510
510
510
510
510
510
510
510
510
510
510
510
510
510
510
510
510
510
510
510
510
510
510
510
510
510
510
510
510
510
510
510
509
509
509
509
509
509
509
509
509
509
509
509
509
509
509
509
509
509
509
509
509
509
509
509
509
509
509
509
509
509
509
509
509
509
509
509
509
508
508
508
508
508
508
508
508
508
508
508
508
508
508
508
508
508
508
508
508
508
508
508
508
508
508
508
508
508
508
508
508
508
508
508
508
508
508
508
508
507
507
507
507
507
507
507
507
507
507
507
507
507
507
507
507
507
507
507
507
507
507
507
507
507
507
507
507
507
507
507
507
507
507
506
506
506
506
506
506
506
506
506
506
506
506
506
506
506
506
506
506
506
506
506
506
506
506
506
506
506
506
506
506
506
506
506
506
506
506
506
506
506
505
505
505
505
505
505
505
505
505
505
505
505
505
505
505
505
505
505
505
505
505
505
505
505
505
505
505
505
505
505
505
505
505
505
505
505
504
504
504
504
504
504
504
504
504
504
504
504
504
504
504
504
504
504
504
504
504
504
504
504
504
504
504
504
504
504
504
504
504
503
503
503
503
503
503
503
503
503
503
503
503
503
503
503
503
503
503
503
503
503
503
503
503
503
503
503
503
503
503
503
503
503
503
503
503
502
502
502
502
502
502
502
502
502
502
502
502
502
502
502
502
502
502
502
502
502
502
502
502
502
502
502
501
501
501
501
501
501
501
501
501
501
501
501
501
501
501
501
501
501
501
501
501
501
501
501
501
501
501
501
501
501
501
501
501
501
501
501
501
501
501
500
500
500
500
500
500
500
500
500
500
500
500
500
500
500
500
500
500
500
500
500
500
500
500
500
500
500
500
500
500
500
500
500
500
499
499
499
499
499
499
499
499
499
499
499
499
499
499
499
499
499
499
499
499
499
499
499
499
499
499
499
499
499
499
499
499
499
499
499
499
499
499
498
498
498
498
498
498
498
498
498
498
498
498
498
498
498
498
498
498
498
498
498
498
498
498
498
498
498
498
498
498
498
498
498
498
498
498
498
498
498
498
498
498
498
498
498
498
498
497
497
497
497
497
497
497
497
497
497
497
497
497
497
497
497
497
497
497
497
497
497
497
497
497
497
497
497
497
497
497
497
497
497
497
497
497
497
496
496
496
496
496
496
496
496
496
496
496
496
496
496
496
496
496
496
496
496
496
496
496
496
496
496
496
496
496
496
496
496
496
496
496
495
495
495
495
495
495
495
495
495
495
495
495
495
495
495
495
495
495
495
495
495
495
495
495
495
495
495
495
495
495
495
495
494
494
494
494
494
494
494
494
494
494
494
494
494
494
494
494
494
494
494
494
494
494
493
493
493
493
493
493
493
493
493
493
493
493
493
493
493
493
493
493
493
493
493
493
493
493
493
493
493
493
493
493
493
493
493
492
492
492
492
492
492
492
492
492
492
492
492
492
492
492
492
492
492
492
492
492
492
492
492
492
492
492
492
492
492
492
492
492
491
491
491
491
491
491
491
491
491
491
491
491
491
491
491
491
491
491
491
491
491
491
490
490
490
490
490
490
490
490
490
490
490
490
490
490
490
490
490
490
490
490
490
490
490
490
490
490
489
489
489
489
489
489
489
489
489
489
489
489
489
489
489
489
489
489
489
489
489
489
489
489
489
489
489
489
489
488
488
488
488
488
488
488
488
488
488
488
488
488
488
488
488
488
488
488
488
488
488
488
488
488
488
488
488
488
487
487
487
487
487
487
487
487
487
487
487
487
487
487
487
487
487
487
487
487
487
487
487
487
487
487
487
486
486
486
486
486
486
486
486
486
486
486
486
486
486
486
486
486
486
486
486
486
486
486
486
486
486
486
486
486
485
485
485
485
485
485
485
485
485
485
485
485
485
485
485
485
485
485
485
485
485
485
485
485
485
485
485
485
485
485
484
484
484
484
484
484
484
484
484
484
484
484
484
484
484
484
484
484
484
484
484
484
484
484
484
484
484
484
484
484
484
484
484
484
484
483
483
483
483
483
483
483
483
483
483
483
483
483
483
483
483
483
483
483
483
483
483
483
483
483
483
483
483
482
482
482
482
482
482
482
482
482
482
482
482
482
482
482
482
482
482
482
482
482
482
482
482
481
481
481
481
481
481
481
481
481
481
481
481
481
481
481
481
481
481
481
481
481
481
481
481
480
480
480
480
480
480
480
480
480
480
480
480
480
480
480
480
480
480
480
480
480
480
480
480
479
479
479
479
479
479
479
479
479
479
479
479
479
478
478
478
478
478
478
478
478
478
478
478
478
478
478
478
478
478
478
478
478
478
478
478
478
478
478
477
477
477
477
477
477
477
477
477
477
477
477
477
477
477
477
476
476
476
476
476
476
476
476
476
476
476
476
476
476
476
476
475
475
475
475
475
475
475
475
475
475
475
475
475
475
475
474
474
474
474
474
474
474
474
474
474
474
474
474
474
474
474
474
474
474
474
474
474
473
473
473
473
473
473
473
473
473
473
473
473
473
473
473
473
473
473
473
473
472
472
472
472
472
472
472
472
472
472
472
472
472
472
472
472
472
472
472
471
471
471
471
471
471
471
471
471
471
471
470
470
470
470
470
470
470
470
470
470
470
470
469
469
469
469
469
469
469
469
469
469
469
469
469
468
468
468
468
468
468
468
468
468
468
468
468
467
467
466
466
466
466
466
466
466
466
466
466
466
466
465
465
465
465
465
465
464
464
464
463
463
463
463
463
463
463
463
463
462
462
462
462
462
461
461
461
461
461
461
461
461
461
461
461
460
460
460
459
459
459
459
459
458
458
458
457
457
457
457
457
456
456
455
455
455
454
454
454
453
453
453
452
452
452
451
451
451
450
449
449
448
448
448
447
447
447
446
445
443
436
423
379
96
84
77
74
62
