230565
228624
228197
225266
223438
222901
219671
216666
215018
214414
208540
204517
201970
196156
195543
191261
189124
185799
69269
65563
63759
61373
60404
59057
56806
56516
56445
56185
55358
54661
54056
53711
53073
53041
52569
52404
51650
49629
48064
48037
47116
43966
43404
42918
41906
40641
39598
39172
38706
38681
38437
37805
37734
37648
37511
37360
37239
37072
37050
36979
36859
36558
36223
36110
35932
35881
35859
35557
35193
35127
35067
34837
34817
34419
33586
33366
33183
33056
32909
32789
32707
32624
32602
32592
32561
32380
32348
32314
32196
32152
32142
31999
31953
31746
31687
31666
31444
31329
31161
31153
31061
30754
30628
30356
30225
29892
29879
29678
29632
29617
29425
29422
29375
29208
29130
29017
29012
28782
28746
28667
28642
28633
28491
28275
28267
28227
28145
27940
27803
27714
27653
27445
27350
27223
27153
27142
26977
26958
26870
26759
26384
26353
26323
26259
26228
26123
26035
25823
25510
25097
24964
24794
24444
24180
24151
23899
23605
22903
22698
22678
22611
22491
22300
22235
21453
21169
20923
20756
20423
20348
20324
20305
20084
20046
19905
19903
19892
19891
19866
19787
19758
19607
19455
19455
19449
19395
19286
19248
19193
19178
19178
19178
19163
19146
19106
19104
19098
19068
19018
18911
18895
18802
18790
18786
18779
18776
18771
18729
18723
18695
18691
18675
18598
18569
18516
18506
18491
18471
18460
18459
18394
18389
18386
18259
18228
18221
18214
18207
18199
18134
18124
18107
17978
17895
17853
17836
17805
17771
17770
17654
17607
17575
17569
17544
17534
17451
17362
17268
17044
17005
16958
16931
16919
16559
16542
16422
16266
16231
16122
16112
15777
15770
15695
15663
15571
15443
15431
15420
15416
15388
15342
15288
15252
15239
15000
14983
14941
14913
14863
14754
14615
14580
14570
14557
14515
14490
14419
14345
14297
14144
14131
14117
14108
14101
14074
14057
14056
14053
14046
14043
14021
13928
13894
13862
13838
13799
13767
13694
13674
13642
13634
13581
13551
13526
13447
13416
13396
13379
13352
13350
13343
13304
13299
13297
13285
13268
13264
13262
13259
13250
13188
13129
13124
13114
13027
12982
12968
12958
12935
12916
12911
12905
12895
12891
12888
12873
12864
12860
12859
12833
12794
12787
12786
12783
12776
12775
12756
12701
12681
12676
12646
12646
12641
12629
12610
12590
12574
12572
12571
12541
12527
12500
12493
12465
12456
12454
12432
12430
12408
12405
12392
12364
12355
12329
12327
12298
12292
12280
12267
12247
12236
12229
12218
12203
12202
12179
12150
12150
12143
12138
12129
12120
12117
12072
12071
12038
12022
12007
12006
12004
11989
11982
11972
11968
11956
11947
11946
11945
11910
11908
11901
11890
11890
11887
11865
11865
11861
11859
11850
11841
11840
11837
11832
11820
11810
11804
11795
11794
11789
11771
11770
11764
11762
11747
11732
11723
11715
11707
11692
11682
11663
11648
11632
11632
11620
11616
11598
11595
11594
11587
11580
11578
11574
11566
11566
11558
11549
11547
11541
11530
11518
11515
11508
11503
11500
11495
11494
11488
11475
11473
11472
11451
11450
11449
11446
11430
11424
11421
11419
11397
11394
11393
11390
11381
11381
11379
11356
11352
11351
11350
11345
11344
11327
11324
11316
11315
11293
11283
11276
11265
11258
11247
11239
11239
11236
11224
11208
11201
11200
11159
11159
11156
11156
11155
11137
11132
11131
11117
11116
11105
11102
11100
11092
11092
11087
11086
11085
11072
11070
11054
11049
11049
11047
11027
11019
11012
11008
11007
10999
10978
10977
10976
10963
10963
10962
10953
10953
10951
10945
10945
10927
10927
10917
10910
10908
10905
10900
10897
10896
10894
10893
10893
10892
10890
10888
10886
10878
10874
10874
10870
10869
10853
10840
10839
10825
10823
10818
10815
10801
10796
10794
10790
10782
10781
10780
10770
10765
10760
10757
10752
10748
10748
10746
10743
10736
10731
10718
10708
10703
10702
10695
10693
10681
10672
10666
10664
10663
10661
10659
10643
10638
10630
10629
10629
10628
10628
10619
10617
10612
10612
10611
10611
10610
10603
10600
10598
10593
10592
10572
10570
10569
10563
10558
10550
10548
10547
10540
10532
10530
10528
10523
10521
10515
10514
10513
10508
10504
10502
10498
10495
10483
10480
10479
10478
10475
10472
10461
10459
10449
10447
10441
10436
10434
10410
10407
10405
10405
10396
10395
10391
10380
10368
10362
10357
10353
10352
10351
10346
10343
10338
10328
10325
10319
10308
10297
10294
10289
10286
10278
10271
10271
10260
10249
10246
10245
10242
10230
10222
10221
10221
10220
10217
10214
10210
10207
10196
10187
10185
10185
10185
10184
10180
10169
10156
10155
10151
10150
10150
10138
10136
10135
10133
10131
10124
10121
10117
10114
10112
10111
10100
10098
10096
10096
10095
10093
10080
10079
10078
10078
10074
10073
10072
10070
10060
10051
10050
10043
10040
10036
10036
10036
10034
10033
10026
10012
10012
10006
9999
9996
9993
9991
9979
9978
9970
9969
9967
9965
9951
9948
9945
9944
9944
9941
9940
9938
9936
9929
9921
9920
9919
9919
9917
9908
9899
9892
9891
9889
9871
9870
9867
9865
9856
9855
9853
9849
9848
9847
9846
9845
9843
9837
9834
9833
9787
9781
9780
9779
9775
9775
9771
9768
9764
9763
9762
9762
9761
9760
9759
9754
9752
9750
9735
9728
9718
9718
9713
9708
9706
9702
9689
9687
9680
9673
9666
9666
9664
9664
9652
9645
9641
9634
9632
9626
9620
9612
9603
9598
9593
9585
9576
9574
9560
9558
9556
9553
9548
9542
9540
9536
9528
9520
9499
9491
9489
9483
9477
9471
9468
9468
9464
9451
9437
9423
9417
9415
9413
9386
9383
9378
9374
9372
9370
9363
9362
9361
9352
9348
9323
9323
9319
9309
9306
9306
9281
9280
9278
9267
9265
9262
9256
9246
9233
9215
9213
9207
9207
9205
9202
9198
9193
9192
9186
9182
9181
9179
9167
9165
9164
9164
9148
9145
9128
9119
9112
9107
9103
9094
9092
9088
9088
9071
9061
9049
9046
9023
9013
9013
9013
8998
8995
8990
8986
8977
8967
8966
8964
8956
8942
8935
8928
8927
8924
8921
8917
8913
8905
8904
8904
8893
8872
8867
8865
8830
8826
8823
8821
8814
8809
8806
8805
8790
8766
8741
8729
8720
8717
8700
8691
8677
8656
8651
8635
8621
8618
8617
8610
8603
8589
8588
8571
8567
8545
8535
8523
8520
8498
8496
8491
8485
8446
8444
8442
8441
8440
8433
8431
8430
8420
8412
8411
8411
8407
8390
8371
8359
8357
8356
8354
8347
8335
8323
8310
8308
8288
8278
8277
8277
8276
8267
8264
8257
8253
8252
8245
8242
8238
8235
8229
8226
8226
8215
8207
8203
8202
8198
8182
8177
8164
8128
8127
8127
8119
8112
8112
8110
8108
8095
8095
8090
8069
8068
8063
8062
8061
8051
8050
8036
8035
8031
8031
8030
8030
8024
8013
8013
8009
8005
7998
7997
7993
7985
7972
7945
7943
7942
7930
7927
7927
7920
7919
7917
7917
7905
7899
7898
7895
7893
7892
7888
7888
7886
7883
7879
7876
7873
7873
7862
7855
7854
7850
7847
7843
7830
7828
7821
7821
7814
7809
7808
7793
7790
7770
7755
7753
7739
7737
7730
7730
7720
7720
7716
7709
7706
7704
7690
7679
7672
7670
7663
7645
7637
7637
7630
7604
7601
7586
7567
7565
7563
7559
7554
7553
7552
7552
7538
7538
7533
7531
7503
7501
7498
7497
7496
7496
7493
7477
7476
7468
7461
7452
7450
7445
7434
7434
7428
7413
7410
7409
7405
7402
7397
7386
7380
7369
7362
7357
7351
7350
7346
7343
7341
7340
7338
7337
7335
7332
7327
7322
7319
7318
7312
7295
7293
7285
7284
7283
7281
7268
7267
7262
7258
7243
7242
7233
7224
7222
7220
7213
7212
7204
7201
7199
7199
7191
7189
7178
7155
7155
7145
7131
7127
7126
7116
7115
7113
7111
7108
7105
7105
7099
7099
7097
7090
7083
7082
7066
7061
7059
7057
7057
7051
7048
7042
7041
7038
7037
7036
7029
7010
7005
7004
6996
6995
6994
6991
6990
6989
6984
6981
6976
6976
6974
6972
6967
6966
6964
6952
6947
6946
6926
6921
6912
6908
6888
6883
6870
6870
6868
6866
6858
6857
6852
6852
6839
6817
6810
6805
6802
6800
6799
6799
6791
6790
6778
6778
6778
6765
6764
6762
6753
6751
6744
6736
6736
6723
6722
6721
6713
6707
6701
6688
6686
6681
6680
6673
6669
6668
6664
6661
6660
6659
6659
6641
6638
6625
6619
6615
6576
6571
6553
6534
6516
6516
6511
6485
6483
6481
6465
6452
6449
6447
6443
6432
6430
6428
6423
6401
6399
6395
6392
6391
6383
6380
6380
6377
6370
6367
6359
6342
6331
6324
6320
6318
6310
6304
6297
6296
6288
6259
6257
6247
6246
6229
6224
6224
6213
6209
6191
6184
6172
6169
6168
6168
6159
6155
6150
6139
6136
6125
6120
6113
6103
6095
6094
6089
6088
6086
6079
6061
6060
6060
6049
6037
6026
6020
6011
6006
6000
5999
5999
5990
5989
5977
5971
5960
5951
5949
5938
5935
5926
5920
5912
5903
5895
5889
5888
5879
5865
5858
5851
5837
5836
5833
5826
5823
5795
5793
5779
5775
5772
5771
5764
5756
5756
5756
5733
5728
5723
5710
5698
5698
5692
5692
5689
5686
5678
5666
5660
5660
5650
5627
5626
5619
5616
5616
5610
5602
5590
5573
5562
5561
5561
5557
5554
5539
5538
5529
5509
5480
5471
5463
5457
5453
5444
5418
5399
5398
5392
5387
5376
5362
5361
5355
5346
5339
5339
5338
5332
5330
5324
5322
5305
5299
5265
5249
5244
5241
5237
5231
5206
5181
5179
5175
5173
5171
5162
5157
5151
5147
5144
5138
5089
5078
5077
5069
5042
5042
5038
5035
5017
5015
5014
5011
5009
5007
4998
4995
4993
4993
4990
4987
4983
4977
4971
4971
4967
4966
4959
4947
4939
4935
4927
4921
4886
4870
4863
4857
4855
4849
4848
4847
4846
4843
4843
4843
4841
4838
4835
4832
4830
4827
4822
4820
4819
4814
4795
4792
4789
4788
4782
4777
4776
4766
4762
4760
4758
4725
4721
4715
4711
4699
4699
4698
4688
4685
4685
4683
4677
4665
4655
4611
4605
4602
4596
4586
4575
4569
4564
4561
4555
4549
4543
4542
4542
4534
4526
4526
4522
4521
4517
4515
4507
4496
4485
4482
4480
4476
4475
4473
4464
4440
4438
4436
4430
4423
4423
4419
4414
4411
4408
4394
4378
4377
4377
4368
4364
4362
4359
4354
4351
4348
4345
4344
4342
4340
4338
4330
4326
4314
4312
4302
4302
4282
4282
4270
4269
4253
4250
4249
4246
4225
4222
4218
4210
4200
4189
4188
4187
4187
4173
4173
4171
4168
4164
4163
4159
4148
4132
4131
4130
4124
4117
4116
4114
4104
4101
4100
4098
4096
4087
4082
4074
4072
4072
4065
4043
4039
4028
4027
4023
4009
4008
3999
3994
3960
3957
3953
3951
3935
3929
3927
3924
3920
3913
3906
3904
3903
3900
3898
3896
3894
3884
3883
3877
3868
3864
3828
3822
3812
3800
3798
3794
3776
3774
3768
3760
3748
3747
3724
3718
3716
3716
3709
3702
3700
3699
3692
3692
3690
3688
3679
3677
3671
3657
3652
3635
3627
3627
3620
3618
3615
3613
3613
3603
3603
3600
3575
3572
3569
3564
3562
3561
3556
3555
3548
3543
3542
3537
3536
3535
3521
3513
3500
3495
3485
3483
3480
3479
3472
3468
3464
3463
3463
3455
3435
3431
3428
3416
3409
3403
3396
3382
3375
3368
3364
3358
3322
3321
3318
3305
3296
3291
3287
3282
3280
3280
3261
3257
3253
3224
3223
3220
3215
3211
3211
3197
3194
3192
3189
3170
3144
3141
3129
3104
3081
3067
3060
3051
3030
3022
3005
3002
3001
2978
2977
2974
2964
2958
2953
2944
2936
2935
2927
2923
2923
2922
2891
2888
2886
2864
2856
2850
2837
2827
2820
2818
2818
2815
2813
2810
2785
2785
2780
2775
2760
2759
2759
2753
2748
2737
2733
2711
2702
2685
2678
2672
2667
2666
2666
2665
2652
2649
2617
2613
2596
2594
2577
2551
2547
2535
2533
2526
2526
2509
2486
2483
2481
2476
2475
2471
2454
2454
2438
2424
2422
2416
2414
2401
2396
2376
2375
2363
2356
2329
2291
2278
2275
2269
2260
2260
2247
2245
2243
2233
2230
2223
2219
2206
2178
2165
2159
2153
2150
2149
2149
2145
2142
2135
2135
2127
2126
2122
2099
2097
2069
2068
2054
2045
2034
2026
1990
1989
1988
1978
1975
1969
1955
1954
1949
1934
1934
1925
1924
1921
1920
1920
1911
1911
1908
1908
1906
1904
1901
1886
1880
1867
1854
1843
1841
1835
1834
1833
1829
1814
1810
1808
1806
1805
1802
1793
1793
1786
1781
1779
1776
1775
1772
1766
1758
1726
1724
1723
1722
1721
1718
1705
1704
1701
1698
1690
1690
1684
1673
1673
1673
1671
1669
1662
1662
1662
1656
1654
1653
1642
1639
1638
1634
1630
1617
1615
1606
1603
1602
1600
1594
1593
1590
1584
1583
1582
1573
1572
1572
1558
1556
1555
1552
1548
1548
1545
1543
1542
1535
1533
1524
1520
1517
1511
1507
1499
1497
1497
1494
1494
1488
1487
1484
1482
1477
1475
1475
1474
1469
1462
1460
1458
1449
1448
1442
1437
1433
1433
1424
1411
1410
1409
1407
1406
1406
1405
1397
1394
1391
1389
1385
1383
1383
1378
1372
1368
1368
1365
1364
1363
1362
1359
1359
1356
1354
1346
1340
1333
1332
1328
1325
1323
1322
1321
1314
1313
1311
1305
1302
1300
1299
1295
1292
1291
1290
1290
1290
1289
1286
1286
1285
1281
1272
1269
1269
1266
1265
1264
1261
1258
1257
1254
1253
1253
1252
1252
1250
1248
1247
1245
1241
1241
1240
1240
1237
1228
1227
1225
1224
1220
1214
1213
1212
1211
1211
1208
1206
1198
1198
1197
1195
1194
1193
1189
1187
1184
1184
1182
1182
1182
1181
1176
1176
1175
1174
1173
1171
1169
1169
1166
1166
1165
1164
1162
1162
1158
1158
1156
1152
1150
1148
1143
1142
1141
1134
1132
1131
1129
1127
1126
1122
1120
1120
1120
1119
1118
1118
1117
1114
1113
1113
1112
1105
1104
1099
1097
1097
1093
1092
1092
1091
1090
1089
1089
1088
1087
1085
1084
1080
1075
1075
1074
1073
1073
1071
1069
1068
1068
1068
1064
1063
1062
1062
1061
1061
1059
1059
1057
1057
1056
1055
1054
1053
1053
1053
1052
1050
1049
1049
1045
1043
1042
1042
1041
1041
1040
1040
1036
1036
1036
1034
1033
1033
1033
1028
1028
1026
1026
1024
1022
1021
1019
1019
1018
1016
1015
1010
1009
1008
1007
1007
1006
1004
1004
1004
1003
1003
1002
1001
1000
999
996
996
995
994
994
991
991
987
986
986
986
984
983
983
982
982
980
980
980
980
978
978
977
976
976
974
973
972
971
971
969
968
968
965
963
963
962
961
960
960
959
959
959
958
957
956
956
955
955
954
953
951
951
951
948
946
945
945
944
944
942
942
941
941
938
937
937
936
936
934
934
934
934
934
934
934
933
933
932
932
932
932
932
932
932
931
929
929
927
927
926
924
922
921
921
919
916
916
915
914
914
913
913
913
911
910
909
909
908
907
906
906
906
905
905
905
901
900
899
899
898
898
896
896
896
895
894
893
892
892
892
891
890
888
888
888
888
887
887
885
885
884
883
883
883
882
882
881
880
878
876
876
875
875
874
874
874
874
873
872
872
871
871
870
870
869
869
869
868
868
866
866
866
864
864
864
863
863
862
861
861
861
860
860
859
859
859
859
857
856
856
854
854
853
853
852
852
851
850
850
850
850
849
849
847
847
847
847
845
843
843
839
839
838
838
837
837
837
836
836
835
833
833
832
832
831
830
829
829
826
826
825
825
825
824
823
823
823
823
822
822
821
821
820
817
816
816
816
816
814
814
814
813
812
811
811
810
809
809
809
809
809
808
807
805
805
805
804
804
803
802
800
800
800
799
799
799
798
798
796
795
795
794
794
794
794
793
793
792
792
792
792
791
790
789
789
789
788
788
787
786
786
786
786
786
784
783
783
783
782
782
782
782
782
781
781
781
781
780
778
778
778
778
776
776
775
775
774
774
774
773
773
773
773
772
771
770
770
770
769
769
768
768
767
767
767
767
766
765
765
765
764
764
764
763
763
762
762
762
762
762
762
761
761
760
759
759
759
758
758
757
757
756
755
755
754
754
753
753
752
751
750
750
750
749
748
748
747
747
745
744
744
744
743
743
743
743
743
743
742
742
741
741
740
739
738
738
737
737
737
736
736
736
736
736
736
735
735
735
735
734
734
734
733
733
731
731
730
730
730
729
729
728
727
726
726
725
725
725
724
723
723
723
723
722
722
722
719
719
719
718
718
717
717
717
717
715
715
715
714
714
714
714
713
713
713
712
712
712
711
711
711
711
710
710
709
709
709
709
709
707
707
706
706
705
705
705
705
705
705
702
702
701
701
701
701
700
700
700
700
700
700
700
699
699
699
698
698
698
698
697
697
697
697
697
696
696
695
695
694
694
694
694
694
693
693
690
690
690
689
687
687
686
686
685
685
683
683
683
683
683
682
682
682
682
681
680
680
680
680
679
679
678
677
677
677
677
676
676
675
674
674
672
672
672
671
671
671
671
671
670
670
670
670
669
669
669
668
668
668
667
665
665
664
663
663
663
662
662
661
660
660
660
660
659
658
658
658
657
657
657
656
656
656
655
655
654
654
654
654
654
654
653
653
653
652
652
651
651
651
651
651
650
650
649
649
649
648
648
648
648
647
646
646
646
645
645
645
645
644
644
644
643
643
643
643
643
642
642
641
641
640
640
640
640
639
639
638
638
637
637
637
637
636
636
635
635
634
634
634
634
634
633
633
633
633
632
632
632
632
632
631
630
630
630
630
630
629
628
628
627
627
626
626
626
625
625
625
625
625
624
622
622
622
621
621
621
620
620
619
618
618
618
618
617
616
616
615
615
614
614
614
614
614
614
613
613
613
612
612
612
612
611
611
611
610
610
610
610
609
608
608
607
607
607
607
607
607
606
606
606
605
605
605
604
604
604
604
603
603
602
602
601
601
600
600
600
599
599
599
597
597
597
597
596
595
595
595
595
594
594
594
593
593
593
592
592
592
592
592
592
591
591
591
591
590
590
590
589
589
588
588
588
587
587
587
587
587
587
586
586
585
585
585
584
584
584
584
583
582
582
582
582
581
581
580
580
580
580
580
580
580
580
579
579
579
578
578
578
578
578
577
576
575
575
575
575
575
574
574
573
573
573
573
573
572
572
572
572
572
571
571
571
570
570
570
569
569
569
568
568
568
568
567
567
567
566
566
566
566
566
566
566
566
566
565
565
565
563
563
563
563
561
561
560
560
560
560
560
560
559
559
558
558
557
556
556
556
556
555
555
555
554
554
553
553
553
553
552
552
552
551
551
551
550
550
550
550
549
549
549
549
548
548
547
547
547
546
546
546
546
545
545
544
544
544
544
543
543
542
541
541
540
540
540
540
540
540
539
538
538
538
538
538
538
536
536
536
536
535
535
535
535
535
534
534
534
533
533
533
533
532
532
532
531
531
531
531
531
531
530
530
529
529
528
528
528
528
527
527
526
526
526
526
526
525
525
525
525
525
524
524
524
524
523
523
523
522
521
521
521
521
520
520
520
519
519
519
518
518
518
518
518
516
516
516
515
515
515
515
515
515
514
514
514
512
512
512
511
511
511
511
511
510
510
510
509
508
508
508
508
507
506
506
505
505
505
504
504
504
503
502
502
502
502
501
501
501
500
499
499
499
499
499
498
497
497
496
495
494
494
492
492
492
491
489
488
488
487
487
485
485
485
484
484
484
484
483
482
482
482
481
481
480
480
479
479
479
479
479
479
478
477
477
477
477
477
476
476
476
475
475
475
475
473
473
473
472
472
472
471
471
471
471
470
470
469
469
469
469
469
468
468
467
466
466
466
466
465
465
464
464
464
462
461
461
461
461
460
460
459
459
459
458
458
458
457
457
456
456
456
454
454
454
453
453
452
452
452
452
451
450
449
448
448
448
447
446
445
444
443
443
441
441
441
440
439
438
437
437
436
435
435
435
433
433
432
432
432
430
429
429
428
428
426
426
425
425
424
423
423
422
422
421
421
419
418
418
415
415
414
414
413
413
412
408
407
406
406
405
402
402
402
401
401
399
399
397
397
397
395
393
392
392
391
389
387
386
386
386
381
381
379
379
377
377
375
374
372
370
368
366
363
363
359
359
358
356
355
354
350
350
349
347
346
346
341
340
340
338
337
336
335
331
327
325
318
317
316
316
315
308
308
304
302
301
300
297
296
293
291
291
291
291
288
283
283
280
279
279
277
276
276
269
268
268
267
266
247
244
241
240
238
237
237
236
236
234
234
233
233
233
233
232
232
231
230
227
226
225
223
219
219
219
215
209
207
207
206
201
201
196
196
195
189
189
187
187
182
181
179
170
169
168
165
162
157
157
156
154
154
152
151
149
140
134
134
128
121
120
119
114
109
94
89
87
84
84
81
79
78
76
76
76
62
62
60
55
54
44
28
27
26
25
20
19
19
18
16
15
15
13
12
11
11
11
11
10
10
9
8
8
7
7
7
6
6
6
6
5
5
5
5
4
4
4
4
4
4
4
4
3
3
3
3
3
3
3
3
2
2
2
2
2
2
2
2
2
2
2
2
1
1
1
1
1
1
1
1
1
1
1
1
1
1
1
1
