1455689
1247625
892288
835053
821128
717702
713007
699730
670411
666511
661522
661051
655843
646723
644307
642658
638770
638410
623686
622637
609928
604050
603982
598877
581572
580163
554326
544957
542610
538474
529205
506250
501698
501187
499418
498923
498916
498475
496413
494192
489476
488658
480478
474002
468333
463799
463616
454621
446915
446736
444161
443472
436668
433890
431641
427893
427077
424862
422136
418677
413620
411983
410522
410140
403797
402519
401788
399924
399878
399491
393333
392945
390446
388926
387738
384185
383898
383630
383112
381785
375202
373151
371523
370210
368591
366791
365067
364700
362043
360833
359518
358574
358205
357913
355749
354363
350953
349355
347566
345683
344180
344106
341054
335874
333640
332521
332020
332005
331935
331555
330699
328749
328317
325782
325618
322191
321606
317048
315210
312962
312197
312182
311367
310487
309695
309383
308139
307054
306653
305924
305810
305611
305611
303142
302638
300799
300491
299771
298048
296181
295983
294522
294026
293721
291395
291330
290380
290140
289486
288437
287434
287075
286432
284247
282993
282965
282786
281742
281588
281307
279749
278474
277260
276936
273812
273766
273524
272868
272477
272456
270636
270567
269752
268287
266757
266379
265880
263955
263142
262731
261957
261930
261243
258474
258010
255068
254783
252656
252385
251765
250766
248741
248408
248016
246711
243406
242691
242551
240458
240342
239985
239875
238860
238785
237832
237698
237578
236431
234663
233333
232462
232340
231916
231877
231115
229627
227850
227302
225386
224692
223512
223415
221636
219621
219568
219568
219388
219034
218495
217623
216420
214570
213796
213333
211771
211588
207550
207264
206914
206162
204051
203495
203052
201640
201436
200813
200027
198047
198043
197782
196153
194050
191648
190725
190344
189757
189142
187545
186587
185814
185377
185298
185050
184322
183350
182846
182242
181137
179379
177861
177615
177017
176272
176253
175844
175799
175212
174681
174651
173704
173210
171283
171033
170106
168313
168123
167659
167164
166544
166275
165581
163752
163384
162047
161798
161706
161624
160840
158929
158916
158677
158144
158110
158046
157886
157604
157437
157341
157005
156619
156487
156460
156404
156088
155970
155845
155381
154461
153994
153868
153829
153731
153370
153281
152793
152784
152784
152784
152784
152740
152695
152558
152535
152535
152360
151528
150931
150918
150724
150614
150198
149974
149729
148411
147867
147362
147248
147166
147128
147030
147011
146978
145806
145738
145345
145225
144012
143768
143755
142507
142485
142317
141566
141212
141131
140595
140580
140318
140240
140232
139970
139688
139647
139634
139524
139309
139047
137912
136890
136597
135408
134990
134619
133092
132851
132541
132514
132477
132371
132361
132065
132034
131824
131707
131677
131465
131305
130869
130375
130226
129581
129194
129107
128465
127783
126936
126722
126698
126676
126605
126286
126265
125729
124973
124467
123217
123063
122701
122393
122269
122110
121397
120842
120273
120227
120174
119689
119658
119571
119471
119360
118451
117868
117561
117481
116936
116932
116738
116521
116502
116344
116277
116083
115203
115172
114784
114704
114697
114404
113688
113558
113449
113428
113277
113148
113093
112940
112823
112772
112049
112014
111790
111549
111432
111077
110708
110687
110600
110423
110392
110334
110206
109722
109722
109677
109666
109665
109329
109226
109120
109083
108993
108702
108646
108530
108490
108104
107754
107471
107398
107382
107266
107264
107256
107155
107134
107055
107055
106748
106648
106625
106413
106218
106036
105880
105880
105856
105671
105635
105552
105484
105394
105308
105020
105001
104868
104643
104607
104459
104416
104053
103820
103811
103633
103633
103601
103323
103300
102994
102677
101973
101947
101818
101674
101618
101383
101358
101025
100935
100897
100671
100174
100040
99758
99588
99533
99481
99381
99095
99044
98986
98843
98777
98576
98576
98144
98095
97992
97746
97623
97535
97354
97178
97069
96569
96338
96305
95933
95857
95850
95843
95771
95341
94843
94739
94689
94664
94627
94624
94398
94375
94226
94146
94015
93967
93909
93821
93805
93687
93105
93044
92753
92535
92339
92337
92063
91767
91723
91667
91496
91035
91035
91035
91035
90938
90873
90823
90751
90692
90689
90421
90335
90276
90241
90181
90054
90003
89721
89661
89502
89399
88854
88737
88655
88366
88321
88252
88116
88061
87816
87785
87737
87698
87551
87550
87276
87136
86749
86639
86577
86288
86252
85967
85940
85858
85713
85479
85309
85180
84921
84415
84246
84114
83963
83945
83886
83819
83805
83802
83799
83590
83527
83432
83229
83119
82986
82971
82955
82778
82723
82512
82447
82384
82377
82375
82357
82292
82230
82187
82161
82078
81990
81938
81911
81879
81846
81823
81640
81623
81588
81420
81301
81223
81073
80910
80905
80771
80742
80634
80513
80405
80346
80094
79836
79816
79726
79639
79394
79372
79118
79062
78872
78726
78642
78587
78557
78541
78491
78488
78351
78242
78035
77902
77896
77891
77891
77783
77760
77680
77446
77310
77236
77007
76944
76887
76786
76522
76444
76415
76394
76190
76029
75933
75933
75666
75662
75645
75449
75115
75078
74989
74959
74794
74781
74605
74574
74492
74468
74413
74205
74163
74157
74115
74048
73857
73636
73599
73556
73463
73401
73278
73258
73167
73156
73088
72874
72807
72534
72524
72423
72419
72332
72162
72156
71832
71830
71743
71654
71639
71474
71367
71281
71029
70891
70870
70740
70512
70484
70474
70309
70282
70055
69978
69924
69903
69845
69838
69570
69570
69570
69570
69493
69286
69253
69249
69242
69194
69165
69084
69079
68948
68908
68854
68845
68828
68663
68652
68631
68482
68452
68386
68372
68325
68252
67899
67771
67730
67671
67349
67314
67196
67184
66816
66803
66681
66661
66630
66561
66546
66537
66524
66499
66453
66324
66255
66212
66161
66160
65991
65855
65853
65831
65701
65693
65670
65558
65506
65413
65398
65306
65190
65120
65025
64867
64802
64788
64655
64574
64529
64510
64446
64443
64394
64369
64368
64297
64254
64188
64183
64173
64131
64121
64086
64080
64040
64014
63978
63865
63709
63609
63467
63410
63384
63358
63216
63215
63212
63209
63190
63177
63170
63160
63077
63044
62928
62861
62802
62762
62718
62669
62546
62533
62508
62387
62363
62350
62231
62163
62122
61996
61948
61904
61823
61768
61761
61735
61609
61599
61548
61545
61476
61449
61446
61381
61312
61295
61255
61255
61251
61169
61151
60924
60809
60713
60688
60619
60588
60588
60588
60570
60447
60447
60326
60326
60276
60229
60094
60092
60092
60090
60083
60083
60071
60014
59969
59953
59898
59871
59702
59684
59642
59621
59545
59474
59458
59445
59192
59177
59175
59156
59131
59128
59092
58991
58905
58900
58892
58862
58862
58742
58672
58444
58428
58365
58362
58362
58313
58238
58201
58194
58135
58131
58091
58059
58052
57971
57944
57920
57917
57825
57797
57588
57562
57556
57502
57502
57454
57432
57393
57350
57246
57197
57180
57175
57164
57072
57029
57010
56785
56757
56757
56752
56723
56593
56562
56505
56466
56430
56359
56322
56292
56179
56133
56031
55987
55984
55965
55942
55803
55706
55572
55535
55521
55477
55431
55398
55397
55247
55242
55224
55133
55131
55108
55099
55072
55053
55000
54988
54708
54594
54527
54432
54407
54392
54327
54318
54280
54239
54206
54133
54045
54024
53971
53951
53937
53871
53870
53836
53830
53801
53743
53716
53630
53613
53588
53586
53580
53498
53468
53437
53428
53412
53408
53377
53359
53268
53173
53047
53036
52990
52938
52916
52884
52863
52862
52733
52731
52715
52705
52617
52588
52586
52577
52567
52383
52316
52257
52184
52098
52058
51946
51917
51900
51899
51856
51821
51820
51810
51705
51678
51586
51573
51454
51446
51402
51381
51358
51253
51250
51217
51186
51180
51077
50991
50969
50867
50839
50816
50800
50799
50795
50742
50726
50630
50514
50455
50429
50422
50393
50392
50391
50360
50297
50212
50160
50146
50100
50088
50011
50003
49967
49938
49900
49883
49865
49843
49741
49721
49689
49678
49673
49633
49599
49484
49481
49396
49351
49330
49277
49243
49207
49207
49184
49094
49084
49043
49005
48929
48896
48896
48882
48852
48801
48783
48772
48726
48702
48687
48575
48496
48493
48456
48449
48436
48425
48421
48418
48400
48382
48366
48354
48353
48316
48267
48235
48212
48193
48163
48131
48124
48051
48025
48006
47976
47939
47911
47895
47806
47802
47773
47745
47728
47718
47703
47691
47629
47600
47530
47493
47451
47435
47428
47423
47336
47333
47308
47307
47306
47249
47232
47223
47154
47151
47140
47136
47076
47026
47022
47001
46940
46906
46879
46846
46804
46794
46780
46766
46731
46706
46678
46659
46620
46560
46535
46482
46437
46434
46364
46282
46239
46239
46222
46153
46147
46112
46102
46098
46087
46045
46035
45964
45950
45949
45933
45866
45819
45784
45752
45733
45693
45640
45629
45533
45524
45521
45461
45461
45461
45461
45461
45461
45417
45348
45320
45191
45000
44972
44903
44855
44701
44679
44628
44594
44592
44556
44548
44544
44500
44481
44468
44454
44428
44294
44286
44211
44207
44163
44125
44113
44113
44111
44087
44087
44068
44061
43911
43874
43840
43797
43795
43792
43785
43758
43749
43730
43722
43712
43703
43685
43599
43520
43489
43459
43408
43401
43389
43358
43354
43347
43293
43214
43175
43155
43128
43079
43078
43076
43065
43055
43053
42974
42949
42930
42910
42885
42851
42803
42724
42722
42693
42691
42641
42505
42443
42428
42424
42325
42316
42232
42231
42193
42142
42138
42115
42106
42087
42076
42060
42060
42033
42028
42009
42004
41987
41961
41959
41938
41934
41849
41815
41785
41754
41746
41690
41662
41660
41653
41628
41618
41581
41576
41566
41556
41542
41525
41503
41494
41472
41431
41415
41376
41365
41346
41305
41267
41260
41251
41243
41219
41189
41157
41141
41131
41116
41084
41061
41047
40994
40961
40960
40871
40865
40841
40840
40835
40831
40829
40824
40807
40805
40769
40769
40764
40757
40753
40738
40665
40663
40641
40629
40560
40559
40559
40556
40553
40521
40518
40514
40511
40508
40455
40405
40404
40376
40366
40346
40338
40321
40317
40266
40254
40150
40114
40103
40086
40077
40058
40008
39967
39938
39931
39922
39906
39902
39875
39860
39849
39838
39748
39676
39675
39653
39618
39603
39587
39526
39522
39499
39489
39475
39452
39450
39448
39411
39403
39381
39379
39368
39357
39353
39336
39294
39286
39255
39252
39249
39233
39233
39233
39233
39175
39173
39172
39171
39166
39161
39136
39134
39123
39107
39079
39041
39041
38995
38993
38959
38954
38948
38899
38877
38862
38831
38815
38814
38790
38770
38760
38760
38760
38683
38665
38648
38577
38477
38465
38465
38464
38455
38427
38423
38388
38382
38380
38369
38361
38361
38357
38337
38315
38300
38300
38280
38122
38106
38084
38082
38069
38051
38038
38003
37970
37957
37956
37916
37844
37770
37738
37728
37713
37702
37696
37690
37677
37674
37672
37661
37653
37634
37579
37554
37550
37511
37507
37504
37485
37483
37454
37443
37439
37438
37432
37395
37374
37331
37304
37282
37270
37238
37222
37199
37185
37108
37097
37078
37074
37070
37060
37054
37042
37041
37025
37022
37021
37017
37000
36993
36980
36980
36919
36910
36902
36877
36847
36831
36794
36788
36711
36705
36676
36666
36657
36656
36650
36638
36623
36609
36561
36546
36477
36471
36419
36391
36366
36312
36308
36297
36276
36233
36222
36218
36166
36133
36116
36114
36097
36053
36022
36013
36008
36005
35987
35964
35963
35951
35941
35939
35934
35887
35878
35877
35872
35850
35849
35844
35832
35817
35786
35784
35783
35781
35778
35766
35761
35743
35721
35703
35653
35649
35628
35596
35596
35592
35573
35559
35552
35543
35533
35533
35532
35501
35496
35479
35449
35441
35430
35430
35420
35407
35405
35382
35376
35354
35345
35334
35316
35311
35309
35265
35262
35228
35226
35224
35219
35185
35139
35132
35096
35094
35074
35071
35071
35028
35017
34994
34958
34885
34843
34827
34792
34789
34789
34750
34747
34738
34734
34690
34690
34683
34677
34649
34633
34633
34618
34586
34580
34537
34521
34513
34508
34505
34499
34499
34499
34491
34454
34443
34438
34438
34434
34423
34408
34407
34407
34398
34372
34371
34334
34327
34313
34294
34278
34246
34213
34178
34172
34165
34158
34117
34117
34110
34075
34059
34057
34054
34002
33986
33976
33965
33954
33930
33910
33902
33869
33844
33808
33782
33771
33740
33722
33713
33694
33683
33672
33650
33648
33647
33643
33609
33589
33576
33568
33563
33557
33551
33541
33536
33533
33533
33519
33478
33448
33448
33426
33391
33379
33350
33337
33319
33293
33287
33231
33203
33152
33125
33119
33110
33101
33100
33098
33057
33040
33030
33030
33029
33007
33002
32992
32982
32972
32962
32959
32930
32928
32906
32873
32867
32850
32821
32817
32813
32799
32797
32739
32668
32661
32653
32637
32636
32628
32623
32604
32587
32560
32555
32544
32540
32527
32518
32496
32488
32458
32430
32419
32418
32418
32417
32417
32411
32396
32389
32385
32384
32375
32374
32350
32349
32348
32323
32313
32313
32265
32252
32227
32197
32173
32148
32146
32136
32132
32128
32122
32120
32120
32095
32084
32076
32040
32022
32019
32004
31985
31969
31947
31904
31844
31825
31821
31819
31796
31772
31736
31728
31709
31709
31675
31652
31652
31648
31618
31611
31582
31566
31528
31517
31515
31494
31467
31410
31392
31342
31331
31286
31273
31256
31246
31181
31171
31136
31136
31088
31082
31082
31078
31069
31042
31027
31008
31000
30985
30960
30958
30952
30951
30914
30896
30854
30852
30830
30820
30819
30800
30786
30785
30783
30770
30770
30765
30744
30713
30703
30684
30668
30654
30636
30633
30588
30582
30567
30536
30490
30488
30488
30486
30475
30456
30409
30405
30370
30340
30340
30317
30312
30307
30302
30300
30300
30298
30298
30296
30296
30296
30296
30295
30294
30294
30294
30294
30294
30294
30273
30267
30266
30253
30241
30227
30209
30207
30201
30193
30191
30138
30128
30124
30119
30114
30105
29993
29980
29962
29956
29937
29933
29917
29907
29904
29862
29840
29839
29835
29797
29781
29716
29710
29696
29689
29683
29643
29642
29631
29598
29576
29573
29561
29528
29480
29464
29452
29408
29406
29400
29390
29385
29378
29377
29343
29327
29319
29318
29278
29267
29256
29255
29240
29222
29183
29181
29175
29174
29122
29084
29084
29082
29064
29060
29060
29059
29054
28969
28964
28962
28957
28940
28890
28853
28844
28825
28816
28790
28789
28758
28738
28734
28721
28704
28702
28699
28660
28658
28640
28584
28541
28497
28494
28466
28463
28446
28443
28442
28412
28394
28393
28384
28382
28374
28358
28356
28336
28319
28299
28288
28263
28262
28261
28214
28212
28207
28201
28185
28176
28174
28169
28165
28154
28136
28134
28125
28107
28090
28079
28077
28061
28061
28058
28052
28049
28044
28023
27982
27981
27973
27934
27919
27914
27881
27854
27837
27831
27809
27807
27789
27785
27742
27727
27711
27702
27693
27690
27686
27679
27669
27662
27660
27642
27626
27624
27612
27608
27606
27588
27577
27577
27546
27545
27544
27518
27512
27506
27491
27477
27412
27410
27409
27376
27355
27353
27350
27350
27332
27300
27300
27300
27289
27266
27254
27230
27224
27209
27205
27198
27152
27139
27131
27129
27118
27077
27075
27071
27046
27046
27040
27036
27014
27013
27004
27000
26991
26987
26968
26965
26962
26959
26946
26941
26930
26883
26852
26837
26808
26806
26784
26784
26777
26772
26766
26757
26752
26745
26742
26739
26734
26731
26718
26707
26681
26652
26647
26614
26610
26587
26571
26552
26529
26525
26524
26510
26506
26485
26477
26469
26445
26442
26437
26422
26370
26350
26350
26280
26275
26265
26260
26225
26214
26191
26189
26184
26166
26146
26141
26137
26097
26096
26072
26063
26046
26037
26032
26030
26020
26009
25971
25971
25954
25899
25893
25884
25881
25876
25866
25853
25846
25843
25829
25825
25788
25781
25775
25775
25763
25762
25739
25722
25715
25715
25698
25665
25653
25644
25632
25614
25584
25584
25574
25562
25532
25521
25515
25490
25439
25438
25426
25378
25356
25347
25316
25289
25283
25279
25274
25260
25245
25216
25213
25213
25198
25186
25165
25162
25136
25127
25111
25100
25074
25067
25062
24978
24969
24945
24939
24937
24936
24928
24928
24927
24917
24906
24904
24898
24892
24887
24877
24865
24861
24833
24826
24809
24799
24799
24786
24777
24762
24749
24741
24713
24713
24704
24698
24692
24681
24674
24661
24658
24656
24655
24641
24613
24594
24583
24570
24515
24504
24495
24483
24471
24468
24463
24459
24412
24400
24396
24393
24380
24377
24327
24325
24302
24295
24288
24277
24277
24276
24274
24262
24260
24257
24254
24244
24212
24207
24202
24183
24182
24181
24170
24131
24117
24088
24085
24076
24072
24072
24070
24066
24065
24054
24035
24004
23994
23976
23950
23947
23904
23902
23902
23899
23867
23845
23834
23818
23808
23808
23788
23786
23786
23772
23763
23743
23743
23729
23725
23710
23704
23697
23697
23668
23652
23643
23634
23586
23583
23579
23578
23573
23570
23563
23558
23548
23512
23507
23480
23475
23417
23413
23411
23411
23397
23387
23360
23335
23328
23324
23320
23319
23315
23310
23309
23305
23303
23300
23287
23241
23239
23173
23171
23165
23161
23154
23148
23139
23115
23112
23108
23105
23100
23087
23080
23068
23060
23054
23047
23046
23041
23023
23022
23003
23002
22989
22987
22982
22977
22968
22965
22964
22956
22953
22953
22935
22927
22908
22904
22888
22882
22868
22852
22847
22841
22814
22806
22801
22772
22768
22754
22735
22722
22715
22711
22705
22702
22673
22599
22596
22594
22581
22564
22559
22546
22525
22506
22497
22490
22482
22459
22455
22424
22417
22411
22406
22399
22380
22359
22342
22318
22311
22308
22256
22255
22166
22158
22147
22125
22119
22115
22102
22102
22074
22060
22058
22046
22040
22038
22029
22027
22003
21959
21958
21957
21952
21939
21931
21915
21903
21899
21875
21874
21868
21864
21851
21850
21794
21791
21772
21764
21762
21751
21733
21710
21700
21695
21688
21688
21679
21679
21664
21636
21628
21620
21611
21599
21598
21596
21555
21538
21534
21493
21454
21441
21389
21387
21379
21373
21351
21351
21315
21303
21299
21276
21275
21258
21251
21232
21220
21219
21211
21206
21190
21189
21172
21169
21153
21148
21122
21120
21105
21104
21103
21102
21102
21097
21093
21088
21047
21028
21020
21000
20997
20996
20990
20989
20988
20987
20983
20981
20978
20951
20891
20880
20842
20833
20831
20811
20794
20771
20768
20748
20748
20737
20731
20704
20689
20688
20674
20666
20666
20649
20645
20637
20620
20598
20589
20566
20548
20526
20517
20514
20514
20495
20487
20484
20483
20478
20472
20469
20456
20386
20376
20373
20372
20366
20357
20322
20301
20287
20272
20259
20231
20203
20192
20186
20175
20165
20147
20118
20108
20087
20085
20057
20054
20051
20033
20002
19996
19992
19970
19964
19951
19940
19932
19898
19872
19868
19855
19848
19823
19813
19805
19801
19800
19797
19774
19761
19719
19707
19692
19686
19684
19667
19662
19659
19658
19616
19594
19580
19540
19490
19482
19473
19444
19441
19424
19400
19384
19364
19341
19332
19328
19305
19304
19288
19279
19275
19265
19261
19239
19236
19213
19195
19180
19152
19142
19128
19097
19087
19063
19061
19048
19048
19041
18965
18960
18932
18900
18876
18810
18790
18788
18786
18747
18738
18724
18715
18714
18713
18697
18686
18685
18650
18598
18598
18574
18562
18544
18541
18536
18523
18515
18472
18463
18443
18441
18433
18426
18423
18405
18400
18388
18384
18383
18360
18342
18330
18329
18326
18292
18262
18246
18231
18226
18225
18219
18217
18201
18147
18147
18142
18133
18118
18113
18094
17985
17977
17957
17955
17936
17927
17898
17891
17887
17883
17861
17860
17856
17855
17827
17813
17763
17755
17742
17736
17717
17712
17699
17686
17680
17618
17614
17594
17593
17583
17566
17562
17557
17542
17509
17507
17494
17479
17432
17423
17373
17368
17360
17349
17333
17325
17312
17301
17288
17282
17273
17265
17228
17223
17205
17139
17129
17104
17089
17062
17054
17044
17037
17011
16956
16946
16944
16934
16920
16904
16904
16869
16850
16842
16824
16810
16797
16785
16777
16760
16739
16729
16720
16703
16586
16583
16524
16510
16504
16495
16480
16463
16449
16424
16420
16386
16380
16368
16336
16309
16289
16244
16238
16227
16225
16224
16193
16172
16171
16130
16110
16079
16063
16051
16000
15943
15913
15902
15879
15866
15820
15761
15752
15735
15719
15685
15615
15602
15595
15572
15567
15562
15562
15507
15499
15470
15455
15437
15400
15384
15318
15274
15274
15261
15206
15156
15134
15101
15099
15039
15032
15023
14917
14909
14860
14851
14829
14805
14801
14794
14769
14698
14677
14667
14659
14648
14643
14630
14598
14517
14517
14449
14435
14413
14376
14353
14348
14287
14244
14231
14222
14203
14187
14150
14102
14085
14069
14066
14047
14030
14014
13996
13980
13952
13948
13946
13919
13885
13882
13854
13851
13848
13844
13801
13800
13752
13730
13568
13533
13509
13489
13474
13464
13458
13440
13340
13322
13316
13295
13281
13143
13072
13070
13054
12986
12935
12882
12842
12828
12795
12778
12734
12672
12627
12572
12515
12505
12489
12463
12419
12406
12389
12384
12382
12309
12261
12222
12208
12176
12133
12127
12072
12015
11990
11980
11943
11858
11849
11836
11794
11778
11756
11745
11729
11702
11695
11641
11624
11623
11612
11599
11599
11588
11582
11571
11559
11432
11412
11384
11337
11311
11228
11215
11211
11168
11134
11124
11087
11064
11053
10991
10948
10940
10927
10903
10880
10869
10867
10865
10837
10783
10767
10722
10715
10620
10584
10545
10486
10467
10455
10432
10432
10384
10350
10311
10291
10279
10263
10259
10255
10233
10202
10153
10148
10084
9982
9973
9949
9928
9916
9916
9907
9874
9792
9772
9686
9661
9660
9643
9640
9614
9607
9587
9562
9455
9426
9408
9397
9380
9277
9202
9186
9175
9135
9123
9119
9102
9097
9071
9056
9053
8995
8988
8987
8898
8883
8868
8819
8781
8775
8742
8723
8719
8620
8590
8580
8547
8528
8514
8499
8488
8481
8428
8407
8393
8393
8348
8314
8285
8250
8223
8145
8138
8136
8117
8061
8022
7906
7859
7832
7714
7667
7652
7637
7635
7625
7578
7520
7483
7337
7301
7284
7282
7223
7219
7211
7148
7140
7082
7079
7057
6988
6975
6962
6928
6908
6879
6830
6800
6713
6682
6676
6653
6641
6635
6621
6602
6575
6548
6535
6511
6476
6469
6418
6393
6301
6300
6298
6275
6242
6174
6111
6083
6074
5976
5974
5960
5897
5857
5845
5838
5800
5771
5770
5745
5736
5699
5694
5664
5639
5625
5621
5578
5567
5542
5539
5537
5471
5465
5459
5324
5317
5307
5209
5167
5130
5069
5062
5033
5014
5006
4945
4940
4934
4930
4925
4920
4894
4887
4881
4842
4831
4815
4807
4765
4717
4635
4615
4609
4572
4545
4520
4518
4500
4451
4409
4406
4404
4354
4332
4332
4324
4261
4260
4256
4224
4217
4170
4129
4119
4107
4064
4017
4013
3989
3985
3958
3957
3952
3909
3897
3872
3853
3850
3792
3789
3776
3775
3773
3742
3707
3667
3655
3605
3587
3520
3481
3450
3436
3421
3397
3391
3334
3306
3285
3281
3229
3224
3223
3199
3097
3051
2886
2865
2848
2812
2790
2775
2753
2721
2682
2645
2617
2598
2590
2583
2576
2568
2504
2498
2446
2422
2419
2399
2367
2343
2321
2305
2269
2268
2267
2262
2227
2196
2169
2114
2109
2083
2023
2020
2003
1992
1973
1968
1929
1902
1892
1881
1876
1874
1851
1823
1817
1803
1791
1790
1749
1747
1727
1721
1686
1675
1654
1643
1624
1622
1615
1592
1575
1570
1554
1553
1550
1523
1521
1514
1505
1478
1447
1447
1417
1400
1377
1360
1354
1318
1288
1284
1263
1260
1258
1247
1246
1239
1237
1209
1197
1184
1131
1127
1122
1121
1120
1078
1025
1018
988
976
951
935
931
912
912
908
885
880
866
859
858
847
844
839
805
799
792
757
756
751
741
741
706
690
690
668
664
659
633
629
620
618
616
600
594
587
572
559
528
523
520
515
505
491
491
486
472
469
462
452
447
443
442
440
430
428
415
412
410
401
400
393
392
391
379
367
363
362
332
331
325
324
320
305
304
299
298
290
286
283
279
278
272
265
262
252
248
247
244
243
241
240
232
217
214
213
209
202
197
197
195
188
169
169
169
166
164
164
154
154
148
145
126
121
120
117
114
114
112
111
104
104
103
102
100
100
100
99
98
98
94
92
91
90
89
88
88
88
82
81
80
78
73
72
66
66
63
63
62
62
58
56
56
54
51
50
48
48
45
44
44
40
39
37
35
35
34
30
29
28
27
27
26
25
23
22
22
20
19
17
16
15
15
14
14
13
13
12
12
12
12
12
12
11
10
10
9
8
7
7
7
7
7
6
6
6
5
5
4
4
4
4
4
4
4
3
3
3
3
3
3
3
2
2
2
2
2
2
2
2
1
1
1
1
1
1
