1443369
1326857
1326352
1213757
1211668
1210953
1098891
1098671
1098584
1098431
1097734
1097537
1097395
1095581
983638
983603
983338
982887
982208
981692
869341
869046
868973
868945
868930
868442
868396
868141
868076
867919
867325
755328
753927
753320
753149
752601
751960
650116
640495
640419
638813
638609
532751
526285
525966
525239
524441
524254
506886
487744
487695
486212
463078
461845
438151
432303
417249
414509
411081
410162
352099
333368
325062
310078
185183
184950
184620
184585
184521
184497
184480
184479
184459
184443
184438
184405
184396
184333
184320
184253
184228
184171
184158
184110
184086
184071
184062
184046
184019
184013
183993
183980
183977
183956
183915
183901
183848
183837
183834
183767
183766
183764
183757
183716
183694
183675
183663
183647
183645
183602
183576
183573
183546
183511
183500
183495
183466
183391
183371
183348
183321
183304
183223
183059
183011
182965
182962
182912
176537
176195
176115
176096
176085
176059
176046
175954
175936
175912
175852
175844
175843
175782
175775
175740
175726
175725
175708
175701
175648
175629
175623
175611
175598
175589
175584
175574
175505
175490
175477
175472
175452
175451
175445
175430
175429
175424
175415
175415
175411
175374
175368
175350
175337
175334
175330
175324
175304
175300
175256
175244
175230
175226
175220
175218
175197
175195
175079
175059
175047
175011
174930
174578
167306
167305
167252
167207
167169
167167
167120
167114
167031
167001
166929
166917
166915
166868
166857
166817
166805
166802
166772
166762
166753
166749
166738
166737
166658
166576
166569
166550
166534
166527
166499
166488
166439
166422
166407
166395
166353
166345
166334
166331
166325
166318
166310
166271
166249
166240
166236
166235
166230
166202
166182
166172
166150
166146
166103
166097
166091
166084
166002
165990
165932
165906
165905
165655
165034
164961
164788
164788
164691
164673
164655
164643
164636
164634
164633
164617
164613
164595
164573
164569
164566
164563
164555
164535
164530
164517
164516
164515
164500
164486
164484
164464
164430
164365
164348
164347
164347
164344
164315
164312
164303
164302
164301
164286
164259
164225
164222
164163
164143
164055
164050
164043
164022
164015
164009
163968
163945
163857
163855
163839
163800
163789
163690
163657
163650
163537
163531
163519
158384
158203
158198
158168
158161
158142
158139
158113
158077
158061
158016
158007
157995
157980
157966
157964
157952
157941
157938
157899
157881
157863
157861
157847
157810
157809
157799
157781
157774
157771
157770
157769
157746
157740
157695
157677
157666
157637
157609
157609
157572
157557
157542
157526
157498
157498
157483
157468
157440
157434
157352
157347
157318
157294
157269
157257
157218
157218
157182
157165
157159
156995
156921
156667
146619
146168
146118
146075
146071
146063
146049
146031
146025
145991
145945
145930
145903
145895
145869
145837
145820
145811
145784
145772
145751
145743
145738
145710
145687
145682
145625
145564
145559
145553
145549
145483
145449
145442
145441
145439
145426
145420
145387
145358
145355
145331
145330
145304
145297
145294
145209
145205
145198
145175
145172
145134
145107
145090
145084
145051
144997
144981
144879
144863
144846
144838
144308
141136
141120
141079
141033
140973
140877
140778
140770
140762
140721
140708
140682
140671
140649
140642
140619
140563
140562
140550
140536
140531
140529
140493
140453
140447
140425
140423
140422
140413
140397
140366
140346
140341
140318
140296
140289
140289
140281
140278
140273
140261
140244
140243
140234
140214
140207
140198
140190
140178
140178
140163
140130
140073
140042
140030
139910
139865
139857
139822
139763
139756
139720
139614
136133
136014
135919
135914
135913
135829
135771
135758
135756
135754
135745
135738
135730
135690
135676
135668
135658
135640
135637
135636
135626
135621
135615
135609
135599
135588
135586
135586
135584
135584
135578
135570
135570
135552
135519
135493
135470
135463
135461
135459
135459
135456
135447
135433
135413
135409
135399
135380
135376
135373
135372
135370
135367
135363
135361
135358
135350
135350
135343
135325
135314
135309
135308
135307
135301
135300
135299
135298
135292
135290
135289
135289
135285
135278
135275
135272
135254
135253
135253
135250
135250
135241
135231
135227
135221
135218
135217
135213
135213
135213
135204
135190
135182
135178
135174
135173
135154
135152
135145
135143
135143
135137
135137
135134
135133
135130
135119
135117
135116
135113
135101
135098
135097
135095
135093
135091
135087
135081
135074
135074
135061
135058
135053
135050
135047
135036
135034
135030
135026
135025
135011
135003
134993
134987
134986
134984
134969
134948
134941
134936
134934
134930
134924
134906
134903
134901
134898
134898
134880
134875
134871
134866
134861
134840
134839
134834
134823
134818
134806
134797
134794
134787
134776
134774
134772
134758
134758
134743
134741
134722
134707
134697
134695
134663
134650
134647
134647
134639
134628
134624
134569
134534
134510
134502
134479
134451
134436
134312
134306
134237
129353
129246
129128
129059
128999
128951
128919
128919
128887
128864
128857
128832
128787
128773
128714
128712
128711
128703
128697
128667
128667
128663
128654
128640
128631
128628
128614
128597
128597
128578
128566
128556
128546
128540
128537
128527
128524
128514
128486
128486
128484
128476
128472
128450
128447
128446
128443
128441
128440
128439
128438
128435
128435
128433
128413
128411
128404
128365
128362
128360
128352
128345
128342
128340
128338
128327
128308
128303
128303
128300
128291
128284
128263
128257
128243
128238
128238
128232
128228
128219
128215
128182
128176
128174
128174
128173
128171
128161
128154
128150
128130
128126
128124
128116
128109
128102
128094
128090
128084
128083
128072
128048
128047
128019
128009
127996
127985
127975
127952
127945
127919
127905
127885
127883
127873
127861
127854
127844
127836
127789
127774
127758
127716
127706
127686
127644
127513
126015
125661
125590
125484
125466
125396
125393
125365
125301
125232
125220
125205
125194
125192
125185
125166
125149
125127
125118
125113
125102
125101
125086
125061
125044
125004
124997
124995
124991
124980
124951
124951
124942
124938
124937
124936
124915
124913
124883
124869
124865
124849
124844
124824
124823
124811
124801
124794
124781
124776
124729
124696
124678
124666
124619
124596
124576
124573
124525
124513
124509
124300
124120
123969
120849
120264
120251
120200
120191
120172
120157
120129
120121
120117
120088
120084
120049
120046
120037
120018
120013
120003
119960
119960
119921
119912
119879
119850
119832
119831
119827
119806
119773
119721
119710
119694
119679
119678
119677
119674
119674
119672
119672
119635
119633
119629
119615
119607
119598
119590
119588
119579
119574
119572
119558
119517
119509
119507
119494
119459
119387
119386
119360
119342
119296
119219
119209
119191
117119
117099
117075
117072
117063
116983
116976
116902
116869
116867
116852
116828
116806
116782
116782
116773
116761
116745
116739
116733
116731
116724
116721
116719
116709
116705
116704
116685
116678
116673
116662
116650
116641
116629
116627
116625
116624
116622
116616
116604
116604
116603
116603
116599
116596
116590
116587
116573
116570
116558
116555
116549
116548
116544
116540
116538
116537
116524
116513
116506
116506
116504
116497
116496
116491
116488
116481
116480
116477
116471
116471
116464
116457
116453
116452
116443
116440
116434
116430
116429
116424
116419
116412
116412
116404
116399
116388
116388
116387
116382
116380
116375
116375
116370
116365
116362
116362
116342
116340
116337
116332
116323
116316
116300
116293
116291
116285
116283
116281
116276
116272
116262
116257
116257
116254
116250
116240
116239
116237
116235
116235
116233
116231
116214
116208
116206
116205
116199
116192
116189
116182
116179
116177
116170
116164
116162
116148
116130
116129
116128
116117
116113
116107
116105
116099
116090
116086
116081
116076
116066
116063
116059
116055
116054
116052
116050
116037
116019
116016
115993
115981
115975
115975
115970
115963
115958
115927
115925
115920
115913
115909
115853
115851
115832
115826
115810
115798
115790
115749
115744
115741
115735
115729
115726
115710
115648
115600
115564
115522
115509
115506
115473
115467
115466
115454
115432
115429
115417
115417
115416
115411
115402
115399
115396
115394
115394
115393
115384
115384
115382
115377
115377
115375
115371
115368
115367
115361
115349
115346
115340
115337
115330
115329
115328
115327
115324
115324
115321
115320
115320
115318
115317
115314
115314
115309
115309
115305
115302
115301
115301
115301
115300
115299
115297
115294
115293
115292
115290
115284
115282
115279
115278
115276
115275
115274
115269
115268
115266
115266
115266
115265
115263
115263
115261
115257
115251
115250
115249
115249
115246
115246
115245
115244
115243
115242
115242
115242
115241
115240
115238
115238
115238
115234
115233
115231
115231
115229
115229
115228
115228
115227
115227
115226
115225
115223
115222
115221
115220
115218
115217
115214
115212
115210
115210
115208
115208
115208
115205
115204
115201
115200
115199
115197
115195
115191
115189
115188
115187
115186
115185
115183
115181
115179
115178
115178
115178
115173
115170
115167
115165
115163
115163
115163
115161
115159
115159
115156
115155
115154
115152
115152
115151
115151
115150
115150
115149
115149
115148
115147
115146
115145
115145
115144
115142
115142
115141
115141
115140
115138
115135
115134
115132
115132
115132
115131
115130
115130
115129
115127
115127
115126
115125
115120
115120
115119
115118
115117
115116
115115
115115
115112
115111
115108
115107
115107
115107
115105
115105
115104
115102
115102
115100
115097
115094
115093
115093
115093
115092
115092
115092
115091
115090
115090
115089
115088
115088
115088
115087
115086
115086
115086
115085
115085
115084
115084
115084
115084
115084
115083
115083
115078
115077
115076
115075
115074
115073
115072
115070
115068
115067
115067
115067
115067
115066
115065
115065
115064
115063
115061
115059
115059
115058
115056
115055
115053
115053
115052
115052
115050
115049
115049
115049
115046
115044
115043
115043
115041
115041
115041
115041
115041
115040
115040
115040
115040
115040
115039
115039
115039
115037
115037
115037
115037
115036
115035
115035
115032
115032
115032
115031
115030
115030
115030
115029
115029
115028
115028
115028
115027
115027
115026
115026
115023
115023
115022
115022
115022
115022
115022
115021
115021
115020
115020
115019
115018
115018
115018
115017
115017
115016
115014
115012
115011
115010
115009
115009
115008
115008
115008
115008
115008
115007
115007
115006
115006
115006
115005
115005
115005
115005
115005
115004
115004
115003
115003
115003
115002
115002
115002
115001
115001
115001
115001
115000
114999
114999
114999
114998
114998
114997
114996
114994
114993
114993
114991
114990
114988
114988
114988
114988
114988
114988
114988
114987
114987
114987
114987
114986
114985
114985
114985
114984
114984
114984
114983
114983
114983
114983
114983
114982
114982
114982
114982
114981
114980
114980
114980
114978
114978
114977
114976
114976
114976
114976
114975
114975
114975
114975
114974
114972
114971
114971
114970
114968
114967
114966
114965
114965
114965
114964
114964
114963
114962
114962
114962
114960
114959
114959
114959
114959
114957
114956
114956
114956
114956
114955
114954
114954
114953
114953
114953
114952
114952
114952
114951
114951
114951
114951
114951
114950
114949
114949
114949
114949
114948
114948
114948
114946
114946
114946
114946
114946
114945
114945
114945
114944
114943
114943
114943
114943
114942
114941
114940
114938
114938
114937
114936
114934
114934
114933
114933
114933
114933
114931
114931
114931
114931
114930
114930
114930
114930
114930
114929
114929
114929
114929
114928
114927
114927
114927
114926
114926
114925
114925
114925
114925
114925
114924
114924
114924
114924
114924
114923
114923
114923
114923
114923
114922
114921
114920
114920
114919
114919
114919
114919
114918
114918
114917
114917
114916
114916
114915
114915
114915
114914
114913
114912
114912
114911
114910
114910
114910
114910
114909
114908
114908
114908
114908
114908
114907
114907
114907
114906
114906
114905
114905
114904
114904
114904
114903
114902
114902
114902
114902
114902
114902
114901
114901
114901
114899
114899
114899
114899
114898
114898
114898
114898
114898
114898
114898
114897
114896
114896
114896
114896
114895
114895
114895
114893
114892
114892
114892
114891
114891
114891
114890
114890
114889
114889
114889
114889
114888
114888
114888
114887
114886
114886
114885
114885
114884
114884
114884
114884
114884
114884
114883
114883
114882
114882
114882
114882
114881
114881
114881
114880
114879
114879
114878
114878
114876
114876
114876
114874
114874
114873
114873
114873
114873
114873
114872
114872
114871
114871
114870
114870
114869
114868
114868
114868
114867
114867
114867
114867
114866
114866
114866
114866
114865
114864
114864
114864
114863
114863
114863
114863
114863
114861
114861
114861
114860
114860
114860
114860
114860
114860
114860
114860
114859
114858
114858
114858
114857
114857
114857
114857
114856
114856
114856
114856
114855
114853
114853
114852
114851
114851
114851
114851
114851
114848
114848
114847
114847
114847
114846
114846
114846
114845
114845
114845
114845
114845
114845
114845
114844
114844
114843
114843
114842
114841
114841
114841
114841
114841
114841
114840
114839
114838
114837
114837
114837
114837
114837
114837
114836
114836
114836
114836
114835
114835
114834
114834
114833
114833
114833
114832
114831
114830
114830
114830
114830
114830
114830
114829
114829
114829
114828
114828
114828
114828
114827
114827
114826
114825
114825
114825
114825
114825
114825
114824
114824
114823
114823
114823
114823
114823
114822
114822
114821
114820
114820
114820
114819
114818
114818
114818
114818
114818
114818
114817
114817
114817
114817
114816
114814
114814
114813
114813
114813
114813
114813
114813
114812
114812
114812
114812
114812
114811
114810
114810
114809
114809
114808
114807
114806
114805
114805
114804
114804
114804
114803
114803
114803
114803
114802
114801
114801
114800
114799
114799
114799
114797
114797
114797
114797
114797
114797
114795
114795
114795
114795
114794
114794
114794
114794
114794
114793
114793
114792
114792
114792
114792
114792
114791
114791
114791
114791
114790
114790
114790
114790
114789
114789
114789
114789
114789
114788
114788
114788
114788
114787
114787
114787
114786
114786
114785
114785
114785
114784
114784
114784
114783
114783
114783
114782
114782
114782
114781
114781
114781
114781
114781
114781
114780
114780
114779
114779
114779
114779
114778
114777
114777
114777
114777
114776
114776
114775
114775
114775
114774
114774
114774
114774
114773
114773
114773
114772
114772
114772
114772
114772
114771
114771
114770
114770
114770
114770
114769
114768
114768
114767
114767
114767
114767
114766
114765
114765
114763
114763
114763
114763
114763
114762
114762
114762
114762
114761
114761
114761
114761
114761
114760
114760
114759
114759
114758
114758
114757
114756
114756
114756
114756
114755
114755
114755
114755
114755
114754
114754
114754
114754
114754
114754
114754
114753
114753
114752
114751
114751
114751
114750
114750
114749
114748
114748
114748
114748
114748
114747
114747
114746
114746
114746
114746
114746
114745
114745
114745
114745
114744
114744
114744
114743
114743
114742
114742
114742
114742
114742
114741
114741
114741
114741
114741
114741
114740
114740
114740
114740
114740
114740
114739
114739
114739
114739
114738
114738
114738
114738
114737
114737
114737
114737
114737
114736
114735
114735
114735
114734
114734
114733
114733
114733
114732
114730
114729
114729
114729
114729
114729
114729
114728
114728
114728
114727
114726
114725
114725
114725
114725
114725
114725
114724
114724
114722
114722
114722
114722
114721
114720
114720
114720
114719
114719
114719
114718
114718
114718
114716
114716
114716
114716
114715
114714
114714
114714
114714
114714
114714
114714
114714
114713
114713
114713
114713
114713
114712
114711
114711
114711
114711
114710
114709
114708
114708
114707
114707
114707
114707
114706
114706
114706
114706
114706
114705
114705
114705
114705
114704
114704
114704
114704
114703
114703
114703
114703
114702
114701
114701
114701
114701
114701
114700
114700
114700
114700
114698
114698
114697
114697
114697
114697
114697
114697
114697
114697
114696
114695
114695
114695
114693
114692
114691
114691
114691
114691
114691
114690
114690
114690
114689
114689
114689
114689
114688
114688
114687
114687
114687
114686
114685
114685
114685
114685
114685
114684
114683
114683
114683
114682
114681
114681
114681
114681
114680
114680
114680
114679
114679
114679
114679
114679
114679
114679
114679
114679
114678
114678
114678
114678
114678
114677
114677
114677
114677
114677
114676
114676
114676
114676
114675
114675
114675
114674
114674
114673
114673
114673
114673
114673
114672
114672
114672
114671
114671
114671
114671
114670
114670
114669
114669
114668
114668
114668
114668
114668
114668
114667
114667
114667
114667
114667
114666
114666
114666
114666
114665
114665
114664
114664
114664
114663
114661
114661
114661
114661
114661
114660
114659
114659
114658
114658
114658
114658
114657
114657
114657
114656
114656
114656
114656
114656
114655
114655
114655
114654
114654
114653
114652
114652
114652
114652
114652
114652
114651
114651
114651
114651
114651
114651
114650
114650
114650
114650
114649
114649
114649
114649
114649
114648
114648
114648
114647
114647
114647
114646
114646
114645
114645
114645
114645
114645
114644
114644
114644
114644
114643
114643
114643
114643
114643
114642
114642
114642
114642
114642
114641
114641
114641
114640
114640
114640
114640
114640
114640
114639
114639
114639
114639
114639
114639
114638
114638
114638
114638
114637
114637
114637
114637
114637
114637
114636
114636
114636
114636
114636
114636
114635
114635
114635
114634
114634
114634
114634
114634
114633
114633
114633
114633
114633
114633
114633
114633
114633
114632
114632
114632
114632
114631
114631
114631
114630
114629
114629
114629
114628
114628
114628
114627
114627
114627
114627
114626
114624
114624
114624
114624
114624
114624
114623
114623
114623
114622
114622
114622
114621
114621
114621
114620
114620
114620
114619
114619
114619
114619
114619
114619
114619
114618
114618
114617
114617
114617
114616
114616
114616
114616
114616
114615
114615
114614
114614
114613
114613
114612
114612
114611
114611
114611
114611
114610
114610
114610
114610
114610
114610
114610
114610
114609
114609
114608
114608
114608
114607
114607
114607
114607
114606
114605
114605
114605
114605
114605
114605
114604
114604
114604
114604
114604
114604
114603
114602
114602
114602
114602
114602
114602
114601
114601
114601
114601
114600
114600
114599
114599
114599
114598
114598
114598
114597
114597
114597
114597
114596
114595
114595
114595
114595
114594
114594
114594
114592
114592
114591
114591
114591
114591
114591
114590
114589
114589
114589
114588
114588
114588
114588
114588
114587
114587
114587
114586
114586
114586
114586
114585
114585
114585
114583
114583
114582
114582
114581
114581
114580
114580
114580
114580
114580
114580
114580
114580
114579
114578
114577
114577
114577
114577
114577
114577
114576
114575
114575
114575
114574
114574
114574
114574
114574
114573
114573
114573
114572
114572
114572
114572
114571
114571
114571
114571
114571
114571
114571
114570
114570
114569
114569
114569
114569
114568
114567
114567
114567
114566
114566
114565
114565
114565
114564
114563
114563
114562
114562
114561
114561
114561
114560
114560
114560
114559
114559
114559
114559
114559
114559
114559
114558
114558
114557
114557
114556
114556
114556
114556
114555
114555
114554
114554
114554
114554
114554
114554
114554
114553
114553
114553
114553
114553
114551
114551
114551
114551
114551
114550
114550
114550
114550
114550
114550
114550
114550
114549
114548
114548
114548
114548
114547
114547
114547
114547
114546
114546
114545
114545
114545
114544
114544
114544
114544
114543
114543
114542
114542
114541
114540
114540
114540
114540
114539
114539
114539
114539
114539
114539
114538
114538
114538
114538
114538
114538
114537
114537
114537
114536
114536
114536
114536
114536
114536
114535
114534
114534
114533
114533
114533
114532
114532
114531
114530
114530
114530
114529
114529
114529
114528
114528
114527
114527
114527
114527
114527
114526
114526
114526
114525
114525
114525
114524
114524
114523
114523
114523
114522
114522
114522
114522
114521
114521
114521
114521
114520
114520
114520
114520
114519
114519
114518
114518
114517
114517
114516
114516
114515
114515
114515
114514
114514
114513
114513
114513
114513
114513
114512
114512
114512
114511
114511
114511
114510
114510
114510
114509
114509
114509
114508
114508
114508
114508
114507
114507
114507
114507
114506
114506
114506
114506
114506
114506
114505
114505
114504
114504
114504
114503
114503
114503
114503
114503
114503
114503
114503
114502
114502
114502
114501
114501
114501
114501
114501
114500
114500
114500
114499
114499
114498
114498
114498
114498
114498
114498
114497
114497
114496
114496
114496
114495
114495
114495
114495
114494
114493
114492
114492
114492
114492
114492
114491
114491
114491
114490
114489
114489
114488
114488
114488
114488
114488
114487
114487
114487
114487
114486
114486
114486
114485
114485
114484
114484
114484
114484
114483
114483
114482
114482
114482
114481
114481
114480
114480
114478
114477
114477
114477
114477
114477
114477
114477
114476
114476
114475
114475
114474
114474
114472
114472
114472
114472
114471
114471
114470
114469
114469
114468
114468
114468
114467
114467
114467
114466
114466
114466
114466
114466
114465
114465
114463
114463
114462
114462
114461
114461
114461
114461
114461
114460
114460
114460
114460
114458
114457
114457
114457
114456
114456
114456
114455
114455
114455
114455
114453
114453
114453
114453
114453
114452
114452
114452
114451
114451
114450
114450
114450
114449
114449
114449
114449
114449
114449
114449
114447
114447
114447
114446
114446
114446
114445
114445
114444
114444
114444
114444
114444
114443
114443
114442
114442
114442
114442
114442
114441
114440
114440
114439
114439
114439
114439
114438
114438
114438
114438
114437
114437
114437
114436
114436
114434
114433
114433
114433
114433
114432
114432
114432
114432
114431
114431
114431
114430
114430
114430
114430
114430
114430
114429
114428
114428
114428
114428
114427
114427
114426
114426
114425
114425
114425
114424
114424
114424
114424
114424
114424
114423
114423
114423
114422
114421
114421
114421
114421
114419
114419
114419
114419
114418
114416
114416
114415
114415
114415
114414
114414
114414
114413
114413
114412
114412
114412
114411
114411
114411
114411
114410
114410
114410
114410
114410
114409
114409
114409
114409
114408
114408
114407
114407
114407
114407
114406
114406
114406
114406
114405
114405
114405
114405
114405
114404
114404
114404
114403
114403
114403
114402
114401
114401
114401
114400
114399
114399
114399
114399
114399
114398
114398
114396
114395
114395
114395
114395
114394
114394
114394
114393
114392
114392
114392
114392
114391
114391
114390
114390
114389
114389
114389
114389
114387
114387
114387
114386
114386
114385
114385
114385
114384
114384
114384
114383
114383
114383
114383
114383
114382
114381
114381
114381
114380
114380
114380
114379
114378
114378
114378
114378
114378
114377
114377
114377
114377
114377
114376
114375
114375
114374
114374
114373
114373
114373
114372
114372
114372
114372
114372
114371
114371
114371
114371
114371
114370
114369
114369
114368
114368
114367
114366
114366
114365
114364
114364
114364
114364
114363
114362
114362
114362
114361
114361
114361
114361
114361
114361
114360
114360
114360
114360
114359
114358
114358
114357
114357
114356
114356
114355
114354
114354
114353
114353
114353
114353
114353
114353
114353
114353
114352
114352
114351
114351
114350
114350
114350
114349
114349
114349
114347
114347
114347
114347
114346
114346
114346
114345
114345
114345
114345
114344
114344
114344
114344
114342
114342
114341
114341
114340
114339
114339
114339
114339
114338
114338
114337
114337
114337
114337
114337
114336
114336
114336
114334
114333
114333
114331
114330
114330
114330
114329
114329
114328
114327
114327
114327
114325
114325
114324
114324
114323
114323
114323
114323
114323
114322
114321
114321
114321
114320
114320
114319
114319
114318
114318
114318
114318
114317
114317
114317
114316
114316
114316
114316
114315
114314
114313
114313
114313
114312
114312
114312
114312
114312
114311
114311
114310
114309
114307
114306
114305
114305
114305
114305
114304
114304
114304
114304
114304
114303
114303
114302
114302
114302
114301
114301
114300
114298
114298
114297
114297
114297
114296
114296
114296
114295
114295
114295
114295
114295
114294
114294
114293
114293
114292
114292
114291
114291
114290
114289
114289
114288
114288
114288
114288
114287
114286
114286
114286
114286
114285
114284
114283
114283
114283
114283
114282
114282
114282
114281
114281
114281
114281
114280
114280
114280
114278
114278
114277
114277
114277
114276
114275
114275
114275
114272
114272
114272
114272
114272
114271
114271
114269
114269
114268
114267
114266
114266
114264
114264
114264
114262
114262
114261
114260
114260
114260
114260
114259
114259
114259
114258
114258
114258
114257
114257
114257
114256
114255
114255
114255
114254
114253
114253
114252
114252
114251
114251
114251
114251
114250
114249
114249
114249
114249
114249
114248
114248
114248
114247
114244
114244
114242
114242
114242
114241
114241
114240
114239
114239
114238
114238
114237
114236
114236
114235
114235
114235
114235
114235
114234
114233
114233
114232
114231
114230
114230
114230
114229
114229
114229
114229
114228
114228
114228
114228
114227
114226
114225
114224
114223
114221
114221
114220
114220
114219
114218
114218
114217
114217
114215
114215
114215
114214
114213
114213
114211
114211
114211
114210
114210
114210
114208
114207
114207
114206
114206
114206
114206
114205
114205
114205
114204
114204
114203
114203
114202
114202
114202
114201
114200
114200
114199
114198
114198
114198
114198
114197
114197
114195
114195
114193
114192
114192
114191
114191
114191
114190
114190
114189
114189
114187
114186
114184
114184
114181
114181
114178
114176
114174
114174
114173
114172
114172
114171
114171
114169
114168
114167
114166
114165
114165
114164
114163
114163
114160
114160
114160
114160
114159
114158
114157
114155
114152
114151
114151
114151
114151
114150
114149
114149
114149
114148
114147
114146
114146
114146
114145
114145
114144
114144
114143
114142
114142
114142
114142
114142
114141
114141
114140
114137
114137
114136
114135
114135
114132
114131
114127
114126
114124
114124
114124
114120
114119
114118
114116
114115
114114
114114
114114
114114
114114
114112
114111
114110
114107
114106
114106
114103
114100
114099
114097
114097
114096
114095
114094
114094
114089
114089
114088
114087
114086
114084
114083
114083
114083
114082
114081
114081
114077
114077
114076
114075
114074
114073
114072
114072
114072
114072
114071
114070
114068
114067
114066
114063
114063
114062
114061
114060
114059
114048
114046
114042
114042
114042
114040
114040
114038
114037
114037
114033
114032
114023
114023
114020
114017
114016
114015
114013
114007
114006
114005
114005
114001
113999
113997
113997
113996
113993
113989
113988
113985
113984
113983
113977
113975
113974
113974
113974
113963
113960
113958
113958
113958
113954
113953
113948
113941
113940
113938
113938
113937
113932
113925
113922
113920
113918
113917
113915
113915
113912
113908
113905
113899
113894
113888
113886
113884
113874
113872
113862
113854
113851
113851
113845
113835
113832
113825
113824
113820
113805
113803
113802
113801
113796
113792
113791
113766
113757
113744
113700
113670
113625
113621
113564
113557
113547
113531
113526
