2393426
1972121
1795092
1714523
1472072
1468613
1399603
1302688
1264649
1074368
1055900
1007844
1005718
996103
972978
963572
955866
954004
953673
948111
924163
917946
916981
913562
872749
855820
852131
846221
840872
832891
825191
812482
797057
795373
781503
762173
757945
751820
743663
738049
737872
719504
713531
707045
705188
682901
682814
680744
669222
663144
661093
660288
644557
613595
610522
595507
590152
589021
588546
583459
569153
568898
566183
559912
554548
552890
549668
547443
545244
534579
533071
531568
529734
526915
521421
515182
514202
513810
508854
507654
503082
502894
498425
496106
494884
489769
488162
470953
464325
462985
462909
461518
460856
455959
454548
452646
440636
438482
436286
431748
428664
424808
420699
420004
414787
412963
412384
410064
406847
404250
404083
403971
403497
401744
397666
397599
396628
392613
390419
383366
380759
377168
376381
375236
374451
373958
371729
366314
361715
360195
358630
356799
354498
354380
354174
352218
351940
351660
350121
349082
347464
345381
345149
344664
342738
342131
341467
339882
332322
332105
330670
330313
328908
328859
327186
324498
323209
323047
320264
317682
316894
315826
315707
312306
309965
309669
305056
302775
298049
297733
297658
297310
296649
296301
295243
294946
293684
292780
291441
290485
289771
289732
289407
288520
285765
283539
283131
282703
279337
278096
276615
276413
276328
275405
275012
274518
273605
273308
273085
271556
271221
271145
270451
269644
269064
268910
267559
267152
266409
266061
263351
262717
261330
260922
259834
259538
258711
257937
257773
255885
254525
253749
253336
252404
251997
251865
251545
250707
250549
249746
249081
248241
247135
245642
245423
244760
244676
244175
244153
243652
242637
241735
241672
240386
239634
239556
238993
238722
238607
238605
238113
237137
236476
235480
235134
234972
234478
234191
233790
233542
233231
233054
232011
230870
230802
230373
230070
230052
229606
228959
228856
228634
226982
226895
226492
225977
225633
225130
224907
223978
222908
222091
222057
221870
221012
220292
220164
219918
219766
219111
218415
215089
215038
214692
213286
212854
212168
212162
211806
211799
210970
210543
210521
209979
209491
209250
209205
208518
208107
206350
206232
206124
205111
204840
203846
203457
203366
200190
200086
199998
199369
197544
196416
195553
195013
194895
193548
192978
192471
191966
191500
190696
190406
189188
188770
188565
187341
187274
187043
187005
186975
186493
186416
186042
185795
184621
183876
183695
183187
182285
181603
181370
181167
181158
180567
179911
179447
179436
179172
178867
178558
177882
177585
177019
177004
176279
175533
175337
174888
174032
174008
173741
173660
173636
173565
172053
171361
170554
170400
170372
170360
170210
170205
170151
168317
168065
166844
166800
165141
164990
164211
162725
162679
162439
162357
161889
161761
161750
161017
160622
160565
159886
159452
159077
159074
158788
158770
158363
157456
157380
157346
157198
157052
156712
156270
156024
155733
155390
155079
155010
154458
154342
154300
154221
154159
154020
154006
153839
153477
152916
152894
152862
152832
151497
150825
150631
150135
149696
149302
149176
149171
148724
148597
147954
147801
147793
147752
147066
146877
146726
146624
146512
146423
146414
146225
146082
145730
145514
145505
145112
145009
144879
144865
144188
144169
143743
143434
143307
143124
142923
142238
142103
141646
141091
140889
140863
140852
140686
140536
139590
139256
139131
139030
138887
138746
138727
138709
138238
138176
137964
137793
137564
137437
137167
137066
136435
135646
135622
135572
135360
134462
134117
133870
133858
133813
133755
132955
132404
132403
132369
132131
132026
131863
131566
131547
131507
131021
130860
130799
130775
130631
130589
130119
129934
129718
129286
129160
129115
128304
128240
127854
127646
126392
126390
126295
126073
125936
125882
125153
125149
125014
124989
124902
124630
124216
123865
123786
123556
123525
123516
123478
123443
123418
123358
123172
123103
123103
122785
122701
122643
122604
122547
122531
122450
122356
122042
122006
121895
121465
121457
121373
121337
121335
121320
121256
121075
120939
120785
120536
120399
120056
119882
119626
119181
119107
119099
119059
119057
118928
118762
118557
118524
117918
117881
117434
117034
116584
115931
115546
115251
115234
115100
115003
114992
114971
114672
114487
114256
114148
114109
114060
113915
113488
113474
113411
113349
113156
113149
112825
112472
112431
112098
111979
111909
111728
111722
111649
111516
111331
111084
110951
110902
110830
110683
110637
110544
110506
110392
110388
110360
110349
109849
109546
109239
109105
109066
108940
108932
108718
108570
108331
108245
108114
107912
107813
107683
107651
107444
107233
107188
107158
107133
107127
107091
107089
107059
106904
106870
106844
106767
106499
106233
106028
105950
105362
105350
105331
105203
105131
104957
104889
104819
104816
104786
104159
104145
103786
103630
103391
103280
102902
102890
102509
102447
102376
102353
102324
102283
102245
102147
101351
101294
101260
100955
100785
100760
100557
100549
100516
100431
100359
100298
100244
100240
100160
100090
100004
99781
99529
99425
98991
98929
98832
98729
98690
98234
98032
97986
97938
97822
97671
97657
97431
97407
97398
97394
97299
97291
97237
97186
97087
96985
96724
96688
96654
96519
96463
96203
96158
96033
96024
96020
95873
95853
95715
95688
95622
95617
95578
95274
95265
95140
95086
94918
94800
94786
94585
94487
94436
94421
94312
94308
94196
93986
93911
93863
93855
93813
93807
93721
93660
93470
93461
93354
93330
93191
93165
93159
93158
93141
93109
93013
92770
92748
92743
92670
92635
92437
92328
92313
92292
91691
91337
91255
91208
91165
90945
90493
90151
89839
89696
89680
89664
89640
89609
89530
89476
89363
89328
89211
89185
89128
89022
88816
88760
88730
88650
88597
88572
88365
88189
88062
88049
87925
87848
87657
87617
87380
87265
87225
86800
86660
86447
86419
86381
86178
86084
86005
85715
85600
85505
85476
85347
85312
85246
85213
85178
85082
85011
84913
84879
84828
84589
84566
84548
84517
84498
84490
84489
84440
84435
84390
84351
84043
83929
83836
83669
83640
83471
83443
83431
83356
83288
83124
83115
83106
82953
82950
82805
82796
82416
82259
82254
82225
81995
81901
81873
81702
81655
81599
81433
81346
81276
81193
81154
81115
80916
80832
80720
80672
80555
80468
80262
80166
80020
79987
79888
79808
79802
79602
79487
79450
79376
79321
79192
79162
79156
79130
79098
79077
78950
78947
78896
78824
78817
78755
78731
78624
78443
78335
78315
78309
78179
78081
78038
78023
78008
77939
77838
77773
77740
77728
77679
77398
77283
77273
77253
77176
77134
77122
77057
77005
76786
76717
76686
76683
76603
76551
76487
76462
76295
76292
76286
76215
76155
76130
76122
75953
75947
75891
75647
75617
75532
75438
75332
75285
75278
75238
75147
75070
74892
74749
74735
74701
74694
74657
74649
74424
74402
74320
74275
74244
74213
74191
74113
74085
74051
74022
73997
73968
73918
73717
73714
73607
73597
73372
73353
73156
73105
73101
73066
73053
73002
72910
72798
72739
72583
72513
72497
72451
72418
72388
72344
72266
72147
72038
71973
71936
71907
71886
71884
71722
71686
71432
71380
71319
71192
71171
71144
71106
71028
70982
70928
70811
70700
70640
70599
70551
70349
70324
70205
70131
70078
70076
70051
69998
69946
69905
69843
69794
69782
69748
69724
69602
69538
69465
69461
69380
69378
69237
69211
69189
69156
69069
69049
68996
68963
68961
68924
68838
68743
68566
68558
68463
68359
68314
68210
68186
68144
68105
68042
68041
67823
67723
67719
67697
67634
67601
67510
67484
67290
67235
67210
67149
66975
66946
66940
66707
66696
66675
66630
66604
66564
66439
66331
66264
66250
66191
65967
65960
65951
65916
65886
65860
65813
65811
65687
65603
65546
65507
65475
65466
65404
65370
65362
65356
65173
65079
65062
65007
64935
64899
64888
64799
64760
64671
64667
64643
64599
64508
64386
64373
64310
64265
64256
64240
64178
64113
64068
64034
63999
63939
63918
63744
63713
63668
63662
63403
63377
63367
63322
63108
63067
62963
62874
62839
62801
62730
62626
62578
62522
62485
62328
62213
62182
62148
61990
61948
61918
61875
61867
61862
61788
61776
61754
61714
61710
61665
61534
61504
61427
61351
61283
61262
61262
61189
61151
60872
60871
60799
60785
60759
60665
60551
60542
60421
60369
60340
60322
60257
60238
60171
60122
60098
59885
59865
59850
59813
59778
59777
59685
59666
59574
59553
59547
59516
59507
59504
59408
59333
59331
59259
59223
59206
59200
59142
59019
58943
58568
58508
58503
58442
58363
58319
58313
58306
58286
58125
58121
58117
58096
58086
58078
58011
57997
57964
57904
57827
57816
57803
57773
57582
57510
57469
57451
57425
57368
57226
57201
57145
57106
57078
57051
57051
57038
56942
56923
56775
56695
56682
56542
56534
56434
56331
56329
56288
56259
56251
56202
56119
56114
56050
56024
55941
55849
55787
55720
55680
55636
55633
55595
55482
55463
55323
55323
55305
55215
55181
55129
55084
55025
55015
54933
54915
54903
54864
54718
54673
54660
54572
54566
54444
54283
54198
54182
54125
54118
54099
54092
54076
54048
54042
54024
54016
53952
53785
53759
53752
53750
53704
53694
53687
53683
53662
53637
53622
53522
53462
53403
53384
53281
53227
53195
53151
53129
52980
52975
52926
52864
52845
52838
52804
52710
52679
52643
52617
52614
52568
52527
52508
52472
52421
52409
52401
52377
52330
52329
52309
52283
52253
52245
52221
52195
52100
52074
52066
52026
51948
51915
51906
51893
51864
51861
51854
51846
51769
51746
51546
51508
51443
51383
51365
51144
51047
51016
50966
50853
50806
50714
50693
50613
50552
50530
50524
50478
50466
50391
50307
50268
50257
50187
50153
50119
50067
50055
49914
49879
49806
49800
49771
49767
49667
49633
49571
49554
49505
49407
49359
49354
49305
49163
49117
49025
48970
48934
48896
48886
48864
48808
48744
48716
48710
48677
48633
48632
48632
48604
48554
48543
48520
48505
48441
48384
48352
48313
48311
48311
48229
48179
48128
48104
48084
48076
48072
48010
47972
47929
47928
47920
47859
47813
47802
47794
47766
47758
47720
47702
47693
47687
47683
47669
47608
47606
47595
47566
47556
47548
47530
47465
47439
47404
47341
47288
47222
47212
47202
47175
47108
47096
47072
46933
46861
46824
46810
46800
46780
46722
46674
46668
46603
46602
46570
46534
46533
46522
46450
46389
46314
46265
46199
46153
46152
46139
46116
46110
46108
46094
46083
46020
45966
45936
45856
45843
45793
45758
45739
45729
45660
45549
45525
45514
45482
45437
45430
45404
45394
45369
45352
45312
45311
45285
45276
45257
45213
45102
45080
45078
45060
45044
45028
45007
44990
44983
44961
44897
44890
44865
44779
44762
44713
44708
44645
44620
44614
44510
44492
44397
44393
44362
44358
44352
44348
44346
44324
44318
44295
44284
44273
44223
44164
44163
44143
44142
44122
44064
43961
43895
43872
43847
43768
43748
43714
43687
43676
43655
43553
43529
43505
43472
43423
43392
43368
43285
43205
43203
43138
43132
43091
43087
43081
43079
43065
43036
42999
42972
42943
42885
42843
42801
42764
42758
42708
42701
42604
42589
42497
42470
42467
42461
42443
42434
42425
42420
42405
42259
42254
42244
42185
42176
42137
42130
42124
42107
42104
42096
42086
42037
41960
41927
41923
41914
41873
41850
41795
41784
41755
41754
41738
41729
41727
41712
41680
41659
41659
41533
41464
41444
41423
41397
41397
41384
41347
41314
41297
41259
41241
41186
41184
41154
41096
41095
41079
41063
41042
40999
40982
40971
40929
40920
40878
40843
40684
40650
40617
40586
40574
40567
40558
40506
40493
40475
40473
40440
40323
40311
40279
40189
40187
40173
40153
40128
40119
40103
40057
40024
40021
39972
39787
39759
39743
39736
39669
39622
39576
39563
39470
39468
39454
39417
39378
39368
39321
39319
39309
39278
39250
39241
39235
39230
39163
39140
39121
39091
39086
39046
39042
39008
38978
38975
38954
38935
38911
38752
38719
38704
38650
38605
38580
38548
38510
38507
38460
38448
38423
38423
38405
38399
38368
38355
38314
38287
38202
38171
38147
38145
38139
38139
38114
38107
38093
38062
38056
38048
38031
38030
37933
37873
37846
37718
37697
37656
37576
37548
37530
37500
37476
37449
37423
37328
37321
37305
37276
37249
37246
37242
37104
37097
36973
36964
36922
36841
36770
36741
36713
36576
36570
36490
36489
36451
36442
36423
36363
36268
36259
36188
36172
36162
36140
36131
36109
36104
36074
36030
35983
35944
35941
35920
35865
35780
35741
35734
35716
35716
35696
35674
35660
35589
35580
35519
35501
35474
35458
35410
35347
35318
35278
35259
35203
35183
35159
35154
35122
35104
35051
35049
34887
34879
34828
34812
34795
34770
34769
34769
34763
34750
34721
34718
34701
34690
34689
34657
34644
34610
34594
34578
34542
34519
34519
34502
34490
34390
34375
34367
34346
34316
34315
34314
34312
34239
34228
34130
34128
34071
34069
34061
34045
34014
33991
33894
33814
33761
33757
33705
33655
33622
33601
33581
33558
33543
33512
33496
33474
33469
33467
33460
33446
33419
33372
33280
33259
33248
33246
33198
33195
33173
33122
33111
33098
33084
33072
33058
33051
33014
33011
32959
32935
32931
32919
32880
32866
32855
32848
32797
32784
32693
32586
32578
32565
32546
32532
32519
32503
32483
32446
32446
32316
32238
32203
32157
32100
32080
31996
31948
31946
31924
31888
31872
31856
31785
31779
31744
31684
31680
31633
31632
31617
31616
31610
31575
31487
31326
31292
31288
31278
31273
31168
31141
31133
31040
31034
30987
30977
30968
30946
30923
30879
30876
30873
30827
30800
30775
30695
30664
30623
30616
30565
30509
30484
30458
30445
30413
30411
30352
30321
30275
30265
30234
30225
30216
30202
30202
30173
30151
30147
30144
30139
30118
30097
30068
30054
30048
30034
30025
30003
29905
29893
29799
29790
29775
29750
29742
29735
29730
29672
29619
29582
29511
29464
29461
29457
29444
29418
29385
29360
29335
29306
29298
29274
29245
29243
29193
29175
29154
29148
29139
29124
29112
29076
29073
29055
29049
29041
29020
29018
29017
28983
28974
28914
28911
28897
28894
28835
28786
28777
28756
28683
28632
28619
28583
28540
28521
28408
28391
28377
28357
28303
28298
28292
28286
28285
28279
28276
28269
28260
28216
28215
28159
28113
28108
28101
28093
28042
28031
28031
27959
27929
27916
27888
27866
27837
27791
27776
27762
27733
27719
27703
27682
27619
27615
27602
27600
27565
27554
27535
27521
27506
27494
27452
27412
27410
27381
27380
27361
27343
27327
27264
27255
27248
27201
27161
27158
27155
27135
27129
27129
27128
27126
27119
27094
27077
27069
27050
27018
27012
27009
27001
26991
26985
26946
26936
26916
26915
26914
26875
26821
26808
26785
26773
26751
26750
26745
26734
26652
26627
26562
26532
26442
26425
26416
26407
26373
26358
26296
26192
26160
26144
26142
26125
26123
26107
26080
26072
25983
25963
25936
25895
25821
25792
25791
25785
25717
25627
25626
25624
25617
25610
25600
25573
25517
25484
25429
25427
25383
25369
25356
25339
25338
25326
25286
25280
25263
25262
25259
25245
25227
25202
25186
25161
25150
25120
25114
24980
24947
24940
24876
24806
24766
24747
24721
24699
24594
24587
24565
24547
24504
24478
24452
24355
24295
24295
24220
24204
24204
24203
24202
24189
24182
24180
24148
24142
23984
23930
23885
23875
23859
23798
23785
23781
23771
23759
23726
23712
23698
23674
23664
23651
23630
23607
23597
23534
23505
23477
23444
23441
23436
23419
23376
23333
23330
23311
23298
23290
23261
23199
23192
23154
23144
23126
23080
23045
23030
23023
23021
23016
23009
23006
22989
22976
22954
22942
22922
22916
22910
22871
22863
22835
22824
22815
22809
22799
22787
22757
22735
22733
22710
22704
22698
22642
22617
22593
22583
22572
22567
22544
22538
22518
22510
22490
22476
22452
22447
22440
22372
22346
22321
22320
22272
22255
22237
22232
22190
22170
22164
22096
22055
22025
22024
22023
22021
22013
21988
21928
21928
21897
21886
21793
21761
21721
21716
21683
21616
21565
21565
21540
21534
21487
21482
21479
21474
21471
21469
21452
21444
21422
21416
21400
21362
21295
21291
21271
21265
21257
21251
21178
21160
21149
21108
21015
21015
21012
21009
20991
20988
20987
20974
20965
20945
20892
20826
20784
20781
20769
20709
20699
20682
20652
20614
20596
20568
20562
20562
20546
20530
20521
20499
20494
20491
20471
20458
20418
20394
20391
20379
20340
20295
20261
20204
20201
20128
20108
20097
20060
20038
19995
19993
19942
19915
19914
19909
19890
19861
19808
19791
19791
19768
19735
19725
19681
19660
19625
19607
19577
19568
19538
19527
19523
19516
19463
19439
19433
19425
19359
19355
19319
19312
19278
19221
19194
19184
19158
19147
19137
19117
19108
19083
19069
19060
19037
18980
18974
18952
18920
18916
18861
18846
18776
18742
18687
18684
18648
18624
18558
18485
18435
18433
18407
18356
18343
18319
18292
18265
18239
18233
18223
18180
18174
18170
18134
18084
18070
18058
18048
18031
18002
17998
17990
17948
17930
17927
17919
17898
17855
17836
17827
17822
17819
17813
17769
17754
17753
17736
17670
17655
17646
17624
17611
17558
17554
17520
17490
17451
17439
17422
17371
17326
17308
17224
17199
17173
17160
17156
17109
17083
17072
17060
17055
17054
17033
17030
17004
16961
16927
16821
16668
16665
16662
16640
16565
16548
16537
16502
16490
16483
16475
16471
16442
16373
16319
16304
16294
16281
16278
16255
16254
16249
16223
16220
16204
16195
16186
16168
16119
16087
16057
16024
15982
15947
15939
15928
15899
15880
15877
15874
15829
15814
15813
15781
15728
15716
15677
15629
15576
15563
15546
15534
15505
15495
15491
15478
15437
15429
15424
15371
15363
15310
15308
15284
15257
15201
15177
15142
15118
15104
15089
15080
15066
15054
15024
14983
14967
14902
14900
14877
14839
14837
14813
14807
14799
14791
14749
14733
14722
14701
14699
14692
14666
14661
14653
14633
14598
14591
14589
14587
14584
14541
14538
14507
14493
14410
14367
14366
14300
14279
14265
14254
14234
14200
14176
14170
14161
14154
14148
14139
14101
14080
14073
13997
13982
13950
13927
13896
13890
13885
13878
13869
13827
13804
13784
13783
13773
13694
13658
13658
13631
13625
13612
13605
13599
13530
13519
13504
13468
13467
13464
13432
13432
13328
13327
13313
13311
13205
13187
13187
13181
13159
13127
13124
13099
13017
13015
12950
12943
12941
12919
12908
12900
12872
12841
12836
12832
12818
12810
12725
12722
12709
12681
12588
12575
12550
12548
12532
12514
12510
12496
12489
12450
12450
12440
12424
12412
12404
12394
12393
12392
12358
12311
12310
12262
12250
12223
12221
12215
12209
12201
12185
12135
12095
12073
12060
12035
12034
12030
12021
12021
11996
11969
11964
11933
11901
11889
11846
11845
11834
11828
11785
11769
11728
11653
11649
11644
11620
11528
11495
11476
11459
11448
11425
11424
11391
11383
11356
11348
11334
11311
11298
11291
11283
11272
11271
11264
11263
11222
11220
11216
11193
11190
11121
11093
11084
11045
11038
11037
11028
11023
10980
10979
10903
10900
10886
10881
10833
10831
10818
10817
10783
10750
10703
10670
10665
10656
10639
10624
10610
10587
10538
10494
10485
10470
10458
10457
10451
10451
10444
10444
10422
10418
10410
10402
10351
10330
10235
10217
10213
10210
10200
10193
10193
10187
10180
10178
10145
10138
10091
10091
10090
10088
10072
10028
10025
10016
10003
9935
9922
9893
9887
9872
9870
9860
9822
9808
9782
9775
9770
9720
9686
9662
9565
9555
9535
9526
9521
9510
9506
9491
9446
9443
9437
9434
9426
9417
9367
9355
9355
9342
9309
9306
9273
9247
9155
9145
9131
9111
9093
9084
9073
9073
9062
9059
9043
9037
9026
8995
8987
8985
8975
8960
8947
8938
8921
8920
8920
8887
8858
8855
8853
8834
8821
8817
8804
8798
8784
8770
8756
8736
8730
8723
8709
8682
8681
8668
8666
8659
8587
8569
8564
8499
8499
8495
8448
8422
8400
8400
8390
8370
8365
8362
8362
8348
8342
8269
8253
8248
8236
8234
8229
8224
8220
8214
8206
8175
8164
8147
8106
8088
8087
8083
8071
8067
8051
8022
8020
7989
7985
7978
7971
7967
7961
7955
7955
7946
7905
7902
7901
7898
7883
7881
7880
7867
7864
7833
7833
7827
7811
7808
7758
7750
7733
7718
7706
7661
7640
7566
7561
7546
7503
7502
7501
7483
7464
7464
7455
7446
7442
7416
7412
7397
7391
7390
7357
7318
7313
7305
7302
7302
7275
7264
7258
7258
7223
7173
7163
7157
7115
7094
7094
7094
7093
7086
7075
7070
7069
7069
7053
7050
7047
7046
7043
7034
7024
7023
6979
6976
6975
6970
6960
6948
6934
6923
6892
6877
6877
6857
6857
6851
6839
6838
6830
6830
6820
6811
6811
6805
6784
6778
6768
6766
6760
6755
6750
6742
6729
6704
6697
6692
6688
6677
6673
6653
6624
6596
6594
6581
6573
6570
6570
6570
6555
6555
6546
6517
6511
6490
6447
6444
6433
6432
6414
6411
6409
6404
6390
6385
6375
6354
6331
6291
6281
6278
6274
6267
6242
6190
6186
6165
6138
6134
6108
6106
6085
6083
6074
6061
6053
6029
6028
5990
5970
5958
5935
5923
5919
5905
5904
5863
5858
5858
5849
5847
5839
5819
5758
5752
5733
5730
5692
5682
5671
5668
5606
5602
5601
5591
5583
5571
5543
5539
5536
5528
5524
5459
5446
5427
5419
5398
5396
5379
5321
5289
5281
5273
5257
5243
5240
5230
5223
5222
5215
5210
5194
5151
5137
5126
5106
5095
5085
5080
5025
5007
4990
4958
4937
4916
4903
4885
4853
4822
4807
4790
4765
4763
4761
4716
4670
4665
4660
4649
4629
4618
4617
4594
4582
4574
4561
4551
4551
4539
4507
4490
4476
4473
4464
4463
4460
4460
4460
4450
4444
4421
4420
4402
4396
4373
4363
4352
4321
4317
4308
4299
4285
4279
4233
4223
4220
4212
4211
4175
4171
4160
4085
4071
4069
4064
4055
4052
4051
4043
4009
4007
3984
3978
3976
3942
3918
3911
3910
3903
3888
3879
3871
3857
3844
3837
3830
3822
3811
3808
3804
3798
3784
3778
3768
3760
3755
3746
3737
3721
3721
3716
3707
3706
3692
3691
3689
3673
3673
3662
3645
3627
3615
3607
3592
3592
3583
3579
3574
3567
3564
3552
3532
3531
3528
3524
3523
3519
3514
3506
3480
3480
3475
3427
3427
3412
3408
3405
3401
3388
3376
3355
3339
3337
3321
3315
3315
3308
3301
3296
3287
3260
3256
3252
3236
3214
3212
3207
3188
3187
3181
3177
3169
3164
3158
3146
3123
3119
3114
3104
3103
3087
3084
3061
3048
3044
3040
3027
3026
3022
3001
2997
2994
2993
2990
2980
2969
2962
2956
2956
2956
2934
2914
2889
2885
2879
2879
2875
2874
2864
2863
2846
2846
2818
2810
2760
2753
2747
2735
2715
2710
2702
2701
2688
2683
2683
2661
2644
2630
2610
2608
2605
2536
2529
2516
2509
2496
2460
2458
2431
2407
2400
2386
2376
2375
2362
2362
2359
2353
2347
2338
2333
2332
2330
2328
2319
2307
2302
2298
2293
2291
2284
2283
2274
2274
2232
2231
2215
2208
2197
2176
2167
2153
2145
2144
2144
2138
2130
2125
2113
2110
2105
2105
2099
2097
2092
2078
2072
2059
2053
2048
2036
2035
2034
2026
2013
1997
1994
1988
1987
1983
1982
1969
1961
1957
1956
1945
1933
1930
1903
1900
1899
1891
1861
1845
1831
1817
1772
1763
1761
1760
1745
1739
1730
1729
1727
1707
1700
1686
1684
1682
1681
1680
1675
1663
1662
1644
1642
1632
1631
1628
1624
1621
1615
1606
1602
1600
1579
1577
1577
1567
1564
1562
1556
1555
1545
1543
1542
1537
1533
1524
1509
1509
1496
1490
1486
1470
1465
1454
1453
1447
1445
1434
1428
1426
1391
1364
1355
1345
1338
1332
1327
1325
1307
1280
1279
1274
1270
1269
1261
1261
1261
1260
1253
1236
1235
1233
1231
1230
1228
1211
1211
1200
1194
1192
1187
1182
1158
1149
1145
1135
1134
1132
1131
1131
1130
1124
1112
1091
1089
1087
1084
1082
1071
1067
1061
1055
1035
1034
1032
1024
1007
1006
1000
994
973
954
947
943
927
922
915
911
904
900
898
894
890
882
879
858
854
841
833
829
825
816
812
801
784
783
772
760
754
751
750
749
746
744
739
738
735
733
722
711
705
691
689
685
682
681
671
669
661
654
639
625
617
613
610
609
607
580
565
563
561
561
548
547
543
540
537
531
529
524
518
507
505
504
492
489
488
481
479
478
460
457
452
451
447
444
439
437
432
430
426
424
419
413
412
407
407
406
404
403
401
395
395
395
394
390
388
387
387
384
381
363
355
352
348
346
342
340
339
332
331
331
322
310
301
299
297
295
295
292
291
288
284
283
279
279
279
275
272
266
263
257
254
250
250
244
235
233
227
223
223
222
220
217
216
206
198
195
192
188
187
187
186
186
184
184
183
183
183
177
174
173
170
168
168
167
164
164
162
159
157
155
154
150
149
146
145
143
142
137
136
136
136
131
130
129
128
128
128
126
126
124
123
123
122
121
118
117
117
112
110
110
108
106
104
104
103
99
99
99
98
98
98
96
96
94
92
89
89
86
85
83
83
79
78
78
76
75
73
72
72
71
71
71
70
69
69
68
68
64
63
63
60
54
53
53
53
50
50
50
49
48
47
47
47
45
44
44
40
39
37
34
33
33
32
31
29
28
26
21
21
21
20
19
18
15
14
14
11
10
10
9
9
9
9
8
8
8
7
6
6
5
4
4
3
3
3
2
2
2
2
2
2
2
2
1
1
1
1
