2897301
2539607
2192936
2079357
1986267
1938964
1576906
1570437
1561128
1215663
1197527
1190283
1132169
1081630
1053110
1032445
996058
966253
956766
831136
800847
777835
756455
746490
720830
705064
694864
686079
678915
678822
670433
664457
650291
650114
648325
648179
647603
646794
640884
640779
639713
636582
635761
632581
624337
623061
619137
617152
613485
610151
605575
605232
599713
597891
597093
593868
589174
584013
582674
581214
578905
578415
572642
571705
566073
565098
559450
558270
557470
556053
550220
547472
545391
544028
543119
542981
540866
539619
538786
536183
534943
528897
528215
525196
522880
522575
521395
521189
519913
517007
516878
516864
511346
510940
509963
507384
504963
502219
502214
501536
498964
498152
495634
495283
493533
493294
486329
485472
481968
479058
471925
471859
471180
469598
464138
462839
458484
458409
455834
455129
451135
450106
448963
446740
444369
442747
427392
426499
421570
419691
419045
414881
405717
405551
404711
404226
403117
398760
397914
394904
392083
386614
385275
382824
379077
374801
372629
372623
368777
368494
367075
366306
364602
362146
358644
357674
357392
355891
355786
355397
354866
353584
352724
352515
351876
351302
349235
345774
345328
342978
342593
339044
336401
336249
336123
335720
335067
334138
334112
333239
332417
330010
329870
329348
327543
326569
326220
323617
319427
317592
316867
316642
315821
315073
310627
308800
307019
306591
306096
304593
304404
302764
300852
300818
299788
299292
299113
297508
296818
296674
295524
295185
294846
294307
294156
293790
293597
292340
291348
290608
289744
289717
284858
283898
283815
283265
281294
280628
279863
278758
278542
275760
275260
274508
273466
273118
272327
271915
271890
268430
268215
266888
266028
265716
263032
261671
261013
260976
260906
259113
257552
255797
255205
254041
253776
253742
252880
252642
252462
252400
252150
250715
250684
250325
250276
248508
247580
247454
245619
245132
242786
240461
238827
238616
238366
236892
235491
235483
234402
234047
233536
233275
231066
230163
229832
229719
228707
228219
227889
227741
227334
226803
226760
225316
224706
224456
224358
224252
223344
220978
220567
219880
219454
217724
216387
214760
214233
213614
211531
211529
211301
211037
210176
209580
209252
208509
208106
208006
207869
207797
207637
207356
206779
205886
205317
205082
204606
204199
204191
204053
203720
203337
203184
203004
202724
202691
202075
201108
200354
200018
199989
199685
198556
198291
198265
196560
196352
196277
195270
195175
194419
194192
193558
193286
192935
191242
190500
190363
189666
189617
188825
188110
187784
186561
186449
186291
186262
185993
185903
185600
185412
184529
184521
183139
181784
180890
180810
180515
180309
179836
179373
178905
178761
177856
176694
176574
176468
176223
174857
174122
173432
173401
173388
172988
172366
171918
171687
170848
170242
170174
169802
168960
168907
168838
168517
168374
168310
167827
167558
166729
166280
164309
164150
163810
163574
163240
162800
162313
162078
161900
161098
160243
160039
159921
159780
159563
159000
158901
158879
158650
158333
158281
158257
158145
158090
157754
157729
157456
155988
155771
155734
155215
155062
154831
154793
154633
154586
154400
153971
153695
153636
153325
153004
152808
152716
152210
151852
151781
151551
151482
151133
151077
151011
150499
150457
150407
149920
149820
149612
148908
148727
147717
147252
147144
147131
146876
146786
146759
146727
145902
145609
145578
145513
145126
144999
144932
144806
144358
144071
143716
143688
143671
143558
143292
142458
142430
142415
142144
141892
141864
141750
141408
141096
140924
140921
140886
140836
140752
140721
140341
140297
140086
139575
139535
139093
138933
138824
138699
138626
138177
137683
137486
137320
137143
137059
136933
136696
136582
135791
135597
135596
135220
135161
135100
135040
134642
134559
134399
134375
134360
134279
134177
134147
133875
133674
133316
133274
133202
133106
132879
132664
132323
132206
131901
131642
131403
131377
131331
131308
131286
130881
130072
129652
129504
129376
129088
129038
128976
128866
128565
128555
128551
128462
128454
128309
127833
127669
127628
127599
127539
127346
127150
126701
126691
126660
126552
126203
126118
126007
125792
125773
125265
124883
124827
124791
124573
124568
124341
124176
123999
123961
123916
123887
123684
123672
123647
123491
123169
123042
122758
122488
121874
121369
121139
121067
121058
121057
121056
121045
120995
120912
120872
120837
120782
120738
120682
120646
120623
120482
120422
120260
120243
120056
119584
119575
119559
119524
119486
119342
119248
119160
118734
118568
118206
118115
117915
117899
117858
117799
117797
117493
117375
117181
117117
117030
116857
116572
116568
116378
116369
116346
116288
116250
115990
115977
115720
115501
115256
115172
115097
114972
114747
114682
114449
114277
114260
114082
113906
113790
113659
113570
113188
113181
113149
112892
112702
112372
112279
112256
112194
112144
111984
111834
111819
111801
111611
111608
111416
111400
111204
110975
110860
110725
110695
110628
110498
110318
110305
110227
110206
110008
109814
109547
109519
109510
109270
108845
108311
108212
107797
107774
107651
107647
107609
107471
107417
107211
106892
106806
106741
106730
106576
106343
106214
106090
106062
105574
105572
105456
105323
105307
105243
105218
105189
105153
105042
104898
104716
104691
104636
104576
104547
104420
104393
104234
103889
103779
103530
102955
102946
102915
102771
102765
102678
102667
102569
102387
102353
102202
102062
102017
101904
101864
101578
101122
101119
101012
100689
100553
100526
100508
100026
99880
99700
99675
99427
99207
99190
99091
98966
98943
98874
98839
98753
98601
98300
98289
98081
98071
97738
97692
97670
97520
97367
97318
97243
97147
97000
96700
96579
96531
96287
96286
96265
95998
95961
95885
95841
95769
95710
95639
95558
95552
95534
95478
95474
95471
95335
95158
94862
94542
94542
94516
94514
94490
94386
94341
94150
94141
94134
93983
93965
93866
93720
93713
93689
93615
93201
93019
92976
92683
92380
92220
91969
91863
91672
91503
91395
91225
91036
90961
90931
90728
90635
90543
90520
90491
90452
90301
90268
89988
89969
89925
89853
89649
89542
89392
89379
89329
89253
89245
89227
89210
89204
89136
89135
89058
88953
88936
88931
88896
88854
88854
88853
88713
88677
88619
88569
88564
88539
88477
88333
88195
88099
88093
88020
87976
87932
87918
87866
87687
87523
87328
87325
87278
87276
87163
87136
87098
87038
86819
86655
86473
86471
86385
86364
86329
86158
86096
86076
86055
85802
85778
85593
85588
85416
85378
85365
85326
85268
85204
85188
85066
84756
84668
84533
84490
84485
84419
84390
84273
84100
83957
83911
83781
83626
83602
83566
83473
83391
83353
83319
83251
83191
83057
83021
82923
82914
82812
82755
82560
82556
82509
82472
82470
82412
82396
82353
82299
82176
82067
81849
81839
81525
81466
81460
81419
81319
81179
81019
80962
80935
80915
80835
80778
80741
80722
80543
80502
80475
80405
80363
80358
80310
80308
80296
80211
80099
80096
80053
80038
79978
79936
79817
79776
79770
79453
79368
79327
79326
79311
79177
79166
79153
79068
78951
78703
78680
78571
78568
78549
78519
78464
78430
78428
78428
78321
78318
78293
78187
78133
78059
77978
77955
77349
77301
77186
77157
77132
77121
76964
76923
76912
76878
76846
76840
76679
76653
76638
76633
76562
76499
76472
76415
76286
76223
76051
76026
75893
75871
75808
75760
75733
75659
75631
75620
75613
75566
75461
75458
75457
75452
75441
75439
75346
75169
75103
74908
74892
74854
74792
74782
74766
74740
74674
74671
74600
74555
74514
74366
74353
74338
74307
74293
74146
74018
74016
73896
73861
73814
73807
73806
73704
73686
73658
73633
73498
73490
73488
73476
73323
73256
73090
73085
73012
72903
72829
72811
72709
72583
72487
72470
72464
72449
72421
72401
72349
72164
72113
72095
72094
72065
72013
72005
71831
71822
71802
71789
71591
71590
71573
71393
71372
71322
71314
71259
71227
71171
71083
71053
71043
70950
70901
70889
70877
70876
70843
70687
70620
70541
70512
70486
70460
70459
70405
70401
70353
70306
70303
70284
70243
70106
70081
70005
69981
69952
69919
69909
69799
69768
69733
69658
69406
69392
69249
69240
69150
69063
68971
68879
68684
68630
68610
68535
68495
68459
68420
68391
68376
68372
68263
68257
68251
68188
68111
68065
68006
67997
67843
67803
67625
67617
67612
67611
67516
67464
67450
67426
67380
67365
67363
67353
67338
67294
67277
67248
67243
67200
67188
67107
67020
67011
66993
66988
66964
66902
66882
66853
66822
66812
66807
66776
66604
66587
66500
66452
66430
66400
66396
66340
66319
66311
66294
66252
66243
66164
66065
66022
65943
65894
65772
65744
65735
65727
65716
65682
65679
65662
65649
65591
65572
65568
65505
65494
65428
65418
65335
65322
65288
65271
65245
65239
65232
65215
65178
65136
65125
65012
64979
64975
64975
64973
64814
64814
64806
64806
64473
64458
64391
64231
64212
64149
64140
64086
64053
64031
64013
63870
63858
63738
63729
63681
63677
63635
63500
63495
63481
63463
63441
63438
63437
63402
63394
63347
63268
63224
63168
63120
63075
63064
63012
62964
62909
62796
62787
62728
62663
62616
62599
62558
62542
62535
62423
62391
62383
62290
62206
62158
62121
62118
62082
62035
61999
61998
61979
61923
61874
61848
61764
61709
61701
61662
61618
61612
61526
61521
61509
61498
61478
61432
61390
61296
61242
61232
61230
61140
61136
61128
61066
61008
60922
60908
60878
60871
60856
60834
60803
60707
60675
60634
60599
60592
60576
60563
60487
60475
60452
60389
60367
60337
60306
60277
60209
60184
60110
60069
60054
60042
60024
60023
59883
59868
59842
59778
59742
59677
59672
59649
59648
59525
59476
59462
59426
59397
59327
59322
59303
59227
59206
59189
59138
59088
59078
59070
59039
58947
58930
58884
58838
58829
58817
58772
58763
58638
58612
58591
58584
58528
58517
58483
58462
58394
58294
58262
58224
58157
58135
58090
58063
58032
57986
57984
57954
57858
57857
57743
57735
57733
57692
57664
57611
57569
57553
57540
57510
57509
57467
57447
57427
57404
57326
57319
57154
57150
57144
57099
57092
57076
57042
56868
56849
56707
56679
56636
56569
56519
56499
56483
56426
56413
56380
56362
56355
56352
56344
56290
56271
56231
56204
56184
56117
56104
56050
56002
55959
55955
55927
55889
55870
55810
55782
55772
55768
55766
55750
55708
55706
55685
55624
55510
55424
55335
55333
55319
55253
55243
55196
55092
55056
55055
55050
55014
54923
54918
54834
54737
54704
54703
54679
54651
54631
54630
54616
54541
54535
54533
54528
54465
54460
54432
54396
54391
54362
54359
54348
54224
54215
54208
54199
54147
54131
54122
54119
54071
54032
54028
53939
53924
53908
53897
53851
53843
53776
53741
53725
53720
53679
53665
53632
53597
53553
53547
53529
53523
53428
53413
53407
53365
53363
53232
53228
53223
53120
53105
53103
53081
53054
52880
52835
52815
52813
52782
52773
52760
52736
52677
52672
52671
52665
52618
52533
52492
52469
52384
52280
52275
52246
52240
52155
52152
52091
52020
52019
52006
51958
51951
51943
51885
51804
51789
51784
51713
51703
51684
51636
51596
51570
51565
51562
51559
51521
51520
51346
51308
51280
51232
51213
51189
51169
51145
51108
51087
51066
51011
50958
50944
50922
50862
50851
50835
50790
50784
50761
50746
50710
50587
50568
50543
50492
50457
50446
50435
50431
50427
50409
50389
50371
50351
50320
50191
50190
50160
50159
50140
49961
49884
49864
49843
49774
49703
49694
49673
49635
49567
49502
49390
49377
49374
49364
49359
49352
49276
49218
49159
49134
49105
49067
49053
49024
49004
48988
48985
48972
48970
48969
48941
48868
48848
48789
48744
48739
48670
48660
48642
48631
48627
48592
48587
48542
48539
48517
48494
48463
48437
48397
48389
48368
48355
48338
48313
48302
48269
48240
48238
48233
48227
48181
48154
48153
48072
48054
47995
47931
47890
47862
47835
47827
47797
47767
47766
47728
47702
47702
47685
47650
47640
47615
47610
47593
47591
47574
47528
47510
47501
47461
47457
47407
47398
47367
47339
47317
47313
47261
47245
47233
47145
47143
47115
47100
46997
46973
46962
46920
46890
46880
46875
46809
46803
46755
46725
46668
46625
46612
46556
46550
46494
46482
46470
46387
46325
46321
46305
46259
46237
46219
46219
46194
46081
46076
46014
45991
45973
45951
45936
45934
45918
45866
45859
45838
45815
45808
45807
45802
45798
45796
45766
45741
45739
45696
45659
45645
45623
45621
45601
45593
45578
45573
45562
45560
45498
45488
45450
45426
45382
45333
45250
45250
45236
45213
45209
45181
45113
45104
45085
45020
45016
44989
44985
44934
44932
44872
44811
44790
44657
44625
44596
44594
44583
44552
44546
44455
44448
44424
44420
44350
44305
44254
44165
44050
43981
43961
43955
43939
43880
43879
43864
43852
43834
43813
43811
43784
43779
43768
43767
43763
43751
43749
43723
43647
43580
43556
43527
43525
43517
43511
43489
43474
43445
43429
43419
43361
43356
43324
43318
43312
43309
43277
43266
43265
43255
43163
43160
43149
43147
43092
43046
43026
42999
42999
42984
42966
42963
42942
42866
42862
42833
42824
42815
42803
42780
42770
42685
42670
42637
42632
42631
42611
42601
42568
42552
42550
42543
42537
42523
42493
42491
42487
42486
42479
42475
42451
42419
42343
42342
42332
42316
42209
42205
42173
42153
42150
42144
42107
42100
42069
42010
41993
41983
41981
41977
41913
41881
41875
41872
41869
41850
41836
41821
41819
41782
41780
41747
41727
41717
41694
41664
41645
41624
41603
41598
41597
41571
41548
41521
41495
41487
41471
41423
41389
41380
41289
41265
41185
41177
41159
41139
41103
41082
41042
40954
40947
40944
40933
40917
40902
40879
40867
40856
40856
40849
40826
40815
40798
40792
40776
40747
40709
40623
40611
40605
40588
40550
40532
40448
40446
40441
40425
40417
40413
40405
40399
40360
40324
40293
40282
40271
40220
40220
40214
40108
40106
40095
40091
40083
40069
40032
39978
39894
39873
39869
39831
39800
39719
39687
39645
39632
39616
39589
39582
39582
39574
39570
39570
39516
39502
39501
39484
39480
39473
39453
39434
39419
39413
39402
39331
39319
39302
39246
39230
39214
39213
39209
39184
39178
39174
39122
39120
39119
39118
39075
39028
39019
39018
38976
38975
38947
38932
38926
38917
38875
38836
38830
38822
38814
38810
38782
38778
38731
38725
38720
38719
38716
38685
38676
38653
38623
38594
38584
38571
38561
38526
38488
38484
38480
38391
38378
38368
38344
38333
38326
38321
38321
38282
38273
38270
38260
38255
38234
38224
38219
38209
38197
38167
38163
38159
38140
38134
38130
38111
38098
38096
38050
37997
37981
37930
37927
37879
37858
37810
37794
37774
37753
37700
37685
37679
37676
37644
37611
37567
37564
37549
37479
37478
37467
37462
37445
37433
37417
37382
37380
37352
37344
37341
37269
37242
37230
37205
37150
37088
37071
37057
37054
37033
37008
37007
36974
36969
36892
36887
36878
36868
36848
36800
36787
36767
36764
36734
36694
36642
36618
36573
36542
36525
36522
36495
36473
36467
36460
36451
36446
36433
36428
36419
36412
36393
36391
36385
36376
36353
36352
36350
36340
36320
36303
36287
36251
36238
36227
36222
36214
36200
36168
36163
36163
36121
36111
36107
36104
36097
36066
36064
36040
36034
36032
36004
35987
35954
35947
35944
35933
35919
35919
35915
35859
35853
35848
35807
35796
35771
35768
35760
35748
35725
35708
35696
35688
35661
35651
35645
35630
35616
35595
35583
35577
35575
35536
35526
35476
35454
35449
35435
35421
35419
35405
35384
35372
35359
35346
35332
35323
35314
35296
35295
35278
35243
35165
35131
35103
35053
35027
35027
35027
35022
35017
35011
35010
34991
34980
34976
34964
34958
34901
34897
34879
34870
34846
34792
34787
34747
34723
34685
34669
34651
34643
34634
34625
34592
34569
34535
34468
34467
34463
34461
34434
34415
34412
34390
34388
34388
34363
34361
34355
34300
34291
34290
34284
34252
34241
34238
34195
34194
34193
34172
34148
34132
34089
34087
34076
34055
34036
34027
34020
34011
33982
33974
33963
33938
33935
33935
33884
33861
33792
33790
33782
33782
33770
33759
33726
33723
33690
33690
33641
33630
33609
33609
33591
33585
33566
33554
33523
33497
33483
33464
33446
33443
33439
33429
33396
33392
33387
33386
33382
33374
33371
33364
33355
33353
33341
33311
33297
33296
33295
33266
33258
33254
33249
33229
33204
33192
33171
33166
33166
33159
33152
33151
33136
33132
33108
33105
33017
33007
32971
32920
32916
32905
32900
32895
32895
32877
32824
32799
32799
32722
32695
32692
32661
32633
32624
32619
32608
32600
32583
32562
32540
32495
32472
32466
32461
32435
32433
32412
32409
32405
32399
32395
32380
32371
32369
32363
32327
32315
32291
32257
32239
32226
32187
32167
32164
32106
32067
32051
32003
32002
32002
32000
31978
31975
31966
31964
31955
31954
31936
31895
31892
31851
31844
31832
31829
31823
31816
31801
31774
31728
31705
31676
31656
31626
31625
31612
31604
31598
31565
31522
31518
31518
31508
31501
31473
31439
31434
31427
31421
31419
31406
31405
31395
31358
31331
31319
31317
31269
31260
31235
31201
31196
31168
31154
31117
31108
31099
31099
31093
31083
31073
31072
31052
31021
31007
30992
30974
30974
30952
30944
30944
30937
30926
30922
30908
30905
30876
30874
30839
30811
30799
30796
30774
30770
30740
30704
30701
30697
30696
30691
30686
30686
30677
30658
30640
30640
30638
30636
30621
30609
30600
30570
30560
30558
30544
30542
30530
30520
30491
30475
30450
30377
30373
30356
30355
30341
30334
30322
30306
30283
30275
30241
30234
30218
30215
30195
30190
30178
30174
30161
30145
30111
30078
30076
30067
30059
30050
30038
30036
30026
30018
30002
29994
29992
29990
29984
29983
29977
29963
29956
29956
29953
29950
29929
29921
29919
29911
29908
29903
29889
29886
29886
29881
29879
29872
29860
29814
29783
29779
29775
29765
29762
29753
29727
29711
29710
29702
29699
29685
29666
29663
29649
29636
29629
29610
29606
29596
29584
29577
29560
29546
29536
29517
29508
29503
29489
29476
29475
29443
29436
29431
29415
29414
29414
29392
29353
29330
29306
29282
29234
29231
29223
29197
29173
29166
29124
29101
29095
29089
29089
29083
29077
29074
29070
29058
29042
29035
29001
28999
28984
28981
28979
28898
28896
28887
28863
28844
28800
28756
28730
28718
28717
28707
28700
28693
28686
28678
28676
28652
28650
28618
28606
28543
28535
28528
28506
28475
28459
28458
28456
28450
28421
28378
28378
28375
28355
28351
28287
28273
28234
28231
28219
28213
28207
28173
28169
28167
28139
28121
28097
28093
28091
28088
28087
28082
28075
28063
28022
28007
27940
27939
27937
27921
27907
27902
27890
27878
27871
27869
27853
27835
27793
27784
27773
27756
27733
27728
27711
27710
27709
27684
27680
27678
27662
27654
27649
27600
27588
27581
27556
27553
27545
27540
27512
27506
27496
27482
27398
27377
27372
27366
27363
27337
27316
27295
27289
27253
27242
27198
27193
27172
27168
27142
27123
27099
27091
27087
27010
27010
27009
26994
26973
26956
26919
26914
26910
26898
26897
26894
26892
26841
26830
26805
26791
26785
26782
26772
26760
26733
26728
26721
26715
26689
26689
26673
26666
26658
26657
26638
26622
26572
26569
26557
26528
26527
26512
26460
26429
26424
26404
26404
26390
26360
26348
26321
26315
26310
26285
26281
26271
26267
26248
26239
26235
26211
26192
26187
26164
26139
26113
26106
26088
26054
26037
26012
25993
25979
25952
25947
25945
25942
25940
25939
25920
25913
25881
25861
25838
25814
25805
25783
25771
25744
25710
25705
25701
25679
25655
25642
25630
25610
25595
25591
25579
25571
25557
25557
25550
25535
25534
25510
25505
25504
25488
25480
25462
25459
25452
25400
25378
25374
25372
25364
25361
25353
25346
25333
25331
25323
25322
25304
25293
25285
25276
25245
25244
25241
25219
25205
25205
25196
25183
25182
25159
25142
25141
25130
25124
25116
25111
25092
25088
25086
25063
25058
25040
25036
25023
25016
25011
24996
24974
24946
24903
24878
24871
24866
24864
24838
24797
24779
24759
24741
24682
24661
24646
24628
24614
24613
24605
24597
24596
24583
24543
24526
24498
24497
24473
24462
24449
24446
24421
24418
24417
24392
24292
24288
24285
24186
24173
24163
24158
24135
24134
24117
24100
24084
24044
24040
24039
24038
24027
24018
24015
24001
23991
23988
23984
23972
23939
23908
23903
23873
23871
23870
23863
23861
23840
23829
23826
23818
23799
23779
23774
23764
23746
23737
23735
23690
23684
23680
23673
23634
23585
23581
23576
23515
23510
23493
23484
23448
23418
23409
23388
23366
23353
23337
23320
23299
23295
23293
23281
23278
23244
23243
23227
23226
23195
23186
23159
23146
23146
23145
23132
23130
23110
23107
23085
23078
23045
23023
23023
23007
22997
22996
22995
22987
22980
22976
22937
22936
22924
22908
22882
22879
22872
22866
22854
22849
22832
22813
22805
22771
22767
22757
22698
22697
22694
22680
22677
22662
22659
22657
22632
22630
22613
22611
22592
22592
22587
22575
22546
22543
22540
22534
22519
22517
22448
22422
22418
22349
22343
22312
22310
22308
22302
22296
22294
22279
22278
22267
22265
22233
22214
22189
22183
22176
22167
22165
22121
22113
22092
22086
22079
22077
22029
21981
21977
21976
21962
21919
21898
21867
21839
21838
21838
21793
21753
21753
21713
21704
21699
21683
21667
21659
21653
21645
21632
21632
21621
21617
21584
21557
21538
21500
21476
21472
21469
21467
21440
21410
21400
21374
21369
21368
21351
21349
21347
21343
21292
21279
21276
21269
21223
21203
21172
21168
21132
21122
21103
21063
21038
20971
20965
20964
20958
20956
20946
20936
20917
20907
20886
20856
20821
20809
20805
20796
20752
20719
20714
20656
20638
20629
20623
20613
20584
20573
20560
20504
20490
20485
20481
20461
20435
20378
20376
20293
20265
20215
20206
20193
20167
20156
20146
20142
20122
20107
20082
20027
20017
20015
20013
19996
19981
19973
19961
19895
19882
19878
19873
19820
19801
19788
19709
19680
19678
19673
19667
19635
19592
19585
19584
19572
19525
19519
19507
19495
19479
19473
19449
19438
19434
19415
19409
19397
19395
19384
19368
19367
19361
19344
19340
19334
19324
19310
19303
19302
19276
19272
19240
19229
19227
19223
19216
19215
19205
19192
19190
19167
19165
19094
19093
19052
19045
19011
18963
18962
18934
18921
18895
18888
18879
18858
18852
18835
18807
18793
18790
18761
18760
18741
18732
18653
18639
18638
18633
18617
18614
18607
18583
18556
18554
18534
18533
18512
18512
18485
18445
18436
18414
18404
18376
18358
18357
18353
18332
18318
18311
18301
18281
18248
18238
18230
18180
18165
18139
18131
18117
18101
18097
18072
18061
18014
18011
17998
17997
17966
17926
17922
17904
17896
17894
17866
17862
17842
17811
17807
17763
17755
17732
17722
17720
17665
17653
17649
17622
17577
17575
17555
17529
17518
17490
17487
17474
17472
17423
17409
17374
17374
17373
17341
17341
17335
17318
17282
17257
17255
17240
17237
17230
17227
17223
17203
17160
17128
17085
17038
16980
16953
16950
16939
16885
16885
16875
16819
16722
16715
16705
16695
16690
16650
16642
16624
16615
16586
16577
16554
16554
16507
16473
16397
16390
16355
16332
16318
16300
16273
16232
16229
16210
16160
16153
16152
16122
16108
16095
16059
16045
16043
16019
15992
15961
15958
15947
15937
15895
15849
15843
15794
15781
15749
15724
15719
15705
15684
15672
15671
15621
15618
15614
15612
15597
15593
15537
15509
15500
15499
15498
15490
15481
15412
15373
15360
15357
15327
15284
15265
15233
15209
15201
15183
15180
15138
15079
15024
14999
14983
14965
14835
14798
14784
14783
14748
14705
14692
14677
14675
14674
14672
14635
14593
14578
14543
14469
14402
14299
14282
14262
14262
14251
14198
14174
14116
14109
14044
14029
14024
14017
13985
13977
13976
13948
13898
13887
13871
13863
13845
13842
13829
13824
13789
13716
13649
13585
13557
13511
13438
13420
13388
13371
13351
13336
13273
13262
13244
13188
13128
13028
12949
12920
12906
12906
12898
12890
12865
12838
12830
12804
12736
12715
12682
12675
12591
12481
12477
12358
12332
12329
12295
12289
12237
12131
12130
12087
12082
12056
12043
12031
12027
11937
11895
11870
11816
11797
11763
11757
11737
11668
11572
11572
11530
11410
11403
11321
11304
11258
11250
11212
11192
11087
11000
10928
10917
10887
10859
10793
10615
10555
10532
10491
10426
10351
10341
10301
10288
10238
10227
10182
10161
10124
10022
10019
9935
9901
9865
9849
9832
9820
9665
9648
9480
9388
9316
9311
9295
9249
9245
9118
9112
9094
9085
9078
9043
8887
8872
8743
8657
8316
8316
8303
8276
7998
7893
7869
7868
7839
7839
7802
7799
7798
7730
7691
7678
7651
7618
7578
7578
7568
7535
7493
7408
7331
7303
7284
7275
7205
7173
7166
7155
7133
7105
7016
6920
6719
6671
6624
6614
6565
6470
6462
6451
6397
6386
6323
6304
6238
6199
6131
6093
6090
6075
6052
6022
5928
5881
5863
5841
5810
5749
5726
5699
5649
5637
5562
5554
5500
5455
5442
5427
5391
5363
5330
5310
5216
5203
5167
5138
4979
4901
4838
4716
4701
4698
4670
4647
4644
4633
4543
4525
4434
4280
4271
4237
4209
4171
3980
3941
3879
3850
3847
3840
3836
3756
3743
3713
3620
3600
3586
3521
3444
3443
3430
3402
3371
3356
3338
3324
3306
3274
3247
3165
3134
3092
3048
3010
3002
2938
2934
2858
2845
2723
2614
2486
2414
2373
2351
2327
2303
2267
2262
2181
2165
2156
2114
2086
2034
2011
1999
1979
1951
1931
1899
1789
1789
1765
1731
1700
1652
1647
1586
1539
1408
1381
1334
1325
1322
1309
1264
1222
1216
1182
1101
1075
1060
1058
1035
1026
1024
971
958
950
930
919
864
854
845
839
827
804
801
797
768
731
717
639
622
604
595
587
576
564
507
482
480
444
439
429
399
378
372
332
331
317
299
270
261
246
240
237
235
225
215
207
190
188
181
180
174
162
160
154
143
133
129
128
120
119
119
108
105
100
95
93
89
82
75
67
61
59
49
47
39
33
33
24
20
20
19
17
17
16
15
13
9
8
7
7
5
5
4
3
2
