1295025
637489
270121
184519
183291
174506
174506
134650
131053
104124
104124
101789
94618
84906
84906
80462
80313
80312
73244
73244
72913
71891
70372
68312
62121
62117
59521
59466
58956
58260
57732
55918
52132
49660
45861
40106
38943
35124
33991
25400
24477
24477
22735
22314
19232
18824
17665
16997
15551
14499
13514
13005
12667
12667
12576
12565
11994
10362
9759
9415
9255
8222
7529
7391
7310
7123
6889
6883
6836
6821
6820
6750
6750
6718
6633
6393
6393
6304
6304
6282
6232
6106
6106
6106
5528
5363
5226
5190
5149
4845
4845
4836
4788
4745
4308
4296
4296
4198
4186
4186
4099
4004
4004
3919
3703
3643
3571
3571
3571
3559
3473
3435
3350
3303
3255
3230
3036
2958
2877
2865
2845
2819
2757
2741
2694
2682
2657
2617
2595
2589
2586
2584
2584
2579
2456
2454
2454
2384
2371
2355
2346
2253
2244
2199
2199
2178
2147
2137
2084
2084
2082
1989
1976
1908
1906
1899
1770
1770
1735
1683
1673
1641
1623
1605
1581
1545
1524
1494
1476
1445
1437
1417
1417
1414
1408
1390
1381
1354
1337
1326
1292
1260
1206
1206
1198
1160
1153
1153
1108
1103
1074
1070
1067
1059
1059
1040
1040
1040
1028
1028
1011
1002
989
988
969
963
949
934
928
919
904
904
895
883
883
863
863
849
838
838
824
813
804
789
781
778
778
745
742
737
727
727
723
723
714
704
700
696
687
686
680
680
667
653
642
618
616
616
616
600
599
599
592
592
574
569
568
565
564
560
536
536
536
533
528
519
519
517
511
506
505
495
493
482
482
480
480
472
438
438
423
422
404
399
398
389
388
387
387
368
368
364
364
363
361
352
349
347
347
346
344
340
334
330
329
326
326
326
309
305
302
300
296
295
285
284
270
269
269
264
263
263
262
262
259
259
258
254
251
246
245
245
240
234
231
230
230
228
225
216
214
210
207
204
201
200
199
199
199
198
198
198
196
194
191
191
191
190
187
186
186
183
182
180
176
176
175
174
174
173
170
163
163
163
162
160
158
155
152
151
150
150
150
150
150
147
146
143
142
141
141
136
133
132
129
128
128
126
126
126
124
121
120
115
115
113
111
109
109
108
107
106
105
104
102
102
100
97
97
96
95
95
93
92
89
83
83
82
82
82
81
79
78
78
77
77
76
75
73
72
72
71
71
70
70
70
68
67
64
64
64
63
63
63
62
61
61
61
60
60
59
59
58
55
54
54
53
53
53
53
50
49
49
49
48
48
47
47
47
44
44
44
44
43
43
43
43
42
41
41
41
40
40
40
39
39
38
38
38
38
37
37
37
37
36
36
36
36
36
36
36
36
35
35
35
33
32
32
32
32
32
32
32
32
32
31
30
30
30
28
28
28
28
28
28
28
28
28
27
26
26
26
25
25
24
24
24
24
24
23
23
23
22
22
22
22
22
22
21
21
21
21
21
21
21
21
20
20
20
20
20
20
19
19
19
19
18
18
18
18
18
18
18
18
18
18
18
18
18
17
17
17
17
17
17
16
16
16
16
16
16
16
16
16
16
15
15
15
15
15
15
15
15
15
14
14
14
14
14
14
14
14
14
14
14
14
14
14
14
13
13
13
13
13
13
13
13
13
13
13
13
13
12
12
12
12
12
12
12
12
12
12
12
12
12
12
12
12
12
12
12
11
11
11
11
11
11
11
11
11
11
11
11
11
11
11
10
10
10
10
10
10
10
10
10
10
10
10
10
10
10
10
10
10
10
10
10
10
10
10
10
10
10
10
10
10
10
10
9
9
9
9
9
9
9
9
9
9
9
8
8
8
8
8
8
8
8
8
8
8
8
8
8
8
8
8
8
8
8
8
8
8
7
7
7
7
7
7
7
7
7
7
7
7
7
7
7
7
7
7
7
7
7
6
6
6
6
6
6
6
6
6
6
6
6
6
6
6
6
6
6
6
6
6
6
6
6
6
6
6
6
6
5
5
5
5
5
5
5
5
5
5
5
5
5
5
5
5
5
5
5
5
5
5
5
5
4
4
4
4
4
4
4
4
4
4
4
4
4
4
4
4
4
4
4
4
4
4
4
4
4
4
4
4
4
4
4
4
4
4
4
4
4
4
4
4
4
4
4
4
4
4
4
4
4
4
4
4
4
3
3
3
3
3
3
3
3
3
3
3
3
3
3
3
3
3
3
3
3
3
3
3
2
2
2
2
2
2
2
2
2
2
2
2
2
2
2
2
2
2
2
2
2
2
2
2
2
2
2
2
2
2
2
2
2
2
2
2
2
2
2
2
2
2
2
2
2
2
2
2
2
2
2
2
2
2
2
2
2
2
2
2
2
2
2
2
2
2
2
2
2
2
2
2
2
2
2
2
2
2
2
1
1
1
1
1
1
1
1
1
1
1
1
1
