2357983
2355605
2352815
2125785
1860706
1619056
1281303
1077405
1072085
1071298
1068909
1068909
1062970
1062815
1002960
926076
755441
752668
752668
738395
735907
719776
692071
656745
655905
655132
646196
642576
637707
637623
634254
630844
630438
629860
629469
628210
628041
627733
627561
627499
626782
626101
624618
624243
623162
621909
618709
616621
614758
612502
609553
605165
604595
603059
602605
601336
601009
600858
600529
599640
598377
597966
597164
596717
596167
596037
595634
595419
595208
594971
593496
593033
591722
591276
590868
590095
590017
589994
589725
587668
587082
585255
584829
584760
583463
583195
581716
581659
578872
574116
572922
570305
569921
568082
567729
564706
561532
560525
560093
559953
557398
555539
552184
544261
542670
540565
537766
536762
533788
516509
508264
493353
488346
483458
482813
481201
469211
469173
463156
461726
459801
457297
418563
400200
399005
376784
375905
358711
358620
356215
356207
356207
354331
354297
354290
342523
322655
291448
288872
280398
267387
238531
235532
234480
232033
230945
228172
226094
222097
219319
217978
215285
214269
211620
211006
204369
189895
176505
174319
167458
166802
165200
164209
161747
159034
155978
149966
148175
145433
144089
141832
134367
133687
131682
130065
126880
122044
121858
120339
120152
119940
117759
117582
115860
115197
115184
113383
113333
113288
112460
112271
111596
111214
111108
110840
110702
110053
109770
109471
108047
106568
105843
105624
105406
104278
103654
103249
101527
101167
97836
97063
96164
95326
95098
94875
94434
94297
93782
93669
93584
92969
92825
92671
92091
92057
91546
91501
90488
90443
90422
90212
89251
89123
89089
88590
87884
87060
86730
86560
86549
86474
86148
85957
85848
85711
85651
85484
85318
85143
85135
85116
84550
84163
84000
83606
83468
83451
83058
83057
82883
82768
82741
82660
82581
82517
82440
82347
82329
82327
82280
82150
82112
82100
82024
81991
81988
81932
81798
81782
81622
81547
81435
81234
81220
81210
81200
81131
81104
81102
81059
80972
80902
80708
80666
80507
80386
80383
80210
80195
80170
80077
79999
79962
79951
79921
79904
79887
79837
79563
79541
79517
79211
79160
79098
79050
78986
78905
78869
78855
78777
78705
78685
78652
78277
78230
78195
78024
77929
77821
77608
77589
77561
77503
77359
77273
77267
77249
77217
77202
77166
76627
76437
76327
76305
76283
76155
75998
75858
75758
75316
75141
75089
75015
74767
74738
74589
74575
74491
74430
74405
74235
74164
74123
74052
72850
72482
72295
66918
66550
66546
66182
65908
65895
65390
65385
65379
65139
62562
62254
61953
61510
61337
60860
60857
60212
59757
59718
57915
57704
56478
55804
55780
55719
55692
55510
55502
55451
54834
54815
54705
54683
53950
53693
53663
53166
53145
53130
53002
52833
52779
52734
52516
52064
51821
51745
50842
50502
50328
50053
49663
49381
48733
48677
48578
48514
48449
48029
47994
47880
47855
47842
47535
47306
46952
46909
46654
46634
46155
46138
46062
45840
45666
45663
45332
45106
45057
44294
44294
44294
44224
44175
43942
43899
43433
43129
42723
42487
42325
41567
40950
39802
39801
39492
39480
39426
39396
39279
38944
38630
38570
38500
37898
37449
37325
37269
37213
36927
36897
36429
36395
36392
36254
36250
36122
36101
35903
35346
34975
34444
34346
34019
34015
33856
33854
33605
33569
33483
33472
33357
33062
33060
32984
32833
32791
32765
32613
32608
32423
32296
32291
32274
31927
31893
31844
31799
31674
31638
31630
31483
31441
31370
31258
31213
31189
31113
31072
31069
31060
31038
31000
30987
30929
30864
30787
30779
30723
30663
30631
30594
30426
30330
30220
30182
30126
30111
30079
29969
29464
29115
28955
28790
28785
28655
28624
28267
27975
27840
27818
27813
27715
27708
27679
27584
27542
27506
27428
27379
27374
27342
27235
27217
27210
27153
27082
27078
26922
26904
26716
26683
26513
26438
26306
26133
25948
25739
25599
25595
25576
25479
25246
25147
24963
24913
24891
24795
24782
24722
24721
24691
24684
24578
24536
24497
24486
24469
24432
24431
24425
24418
24316
24258
24232
24219
24210
24208
24167
24153
24108
24107
24034
24000
23967
23947
23946
23919
23917
23886
23832
23790
23660
23626
23611
23598
23573
23538
23525
23508
23506
23435
23428
23427
23427
23383
23333
23248
23185
23163
23056
23042
23021
23009
22980
22951
22920
22896
22890
22855
22816
22708
22665
22568
22500
22479
22437
22399
22374
22318
22308
22197
22157
22134
22062
22028
22001
21923
21913
21891
21865
21798
21790
21759
21741
21707
21703
21685
21666
21639
21634
21621
21600
21590
21551
21447
21428
21377
21376
21373
21358
21323
21299
21291
21280
21233
21214
21171
21162
21127
21125
21112
21101
21087
21043
20989
20988
20987
20967
20891
20891
20886
20879
20879
20875
20840
20791
20790
20777
20741
20731
20729
20700
20694
20649
20644
20633
20562
20545
20537
20489
20441
20434
20425
20418
20396
20391
20388
20379
20362
20270
20250
20246
20237
20227
20209
20153
20130
20118
20115
20109
20108
20090
20086
20072
20066
20062
20053
20048
20031
20014
20011
20005
19999
19998
19996
19978
19977
19948
19927
19882
19865
19854
19823
19820
19809
19800
19733
19725
19722
19667
19653
19650
19650
19641
19631
19603
19565
19565
19565
19528
19521
19521
19520
19506
19477
19461
19447
19435
19417
19412
19386
19385
19382
19381
19381
19360
19351
19345
19336
19320
19319
19267
19260
19248
19233
19228
19227
19227
19190
19164
19160
19154
19144
19127
19126
19091
19087
19008
18984
18961
18927
18911
18908
18908
18890
18866
18826
18822
18821
18820
18816
18813
18785
18776
18775
18771
18762
18761
18759
18745
18722
18721
18699
18646
18619
18600
18598
18596
18577
18571
18520
18519
18506
18491
18490
18475
18472
18443
18429
18408
18380
18369
18338
18312
18245
18244
18209
18202
18202
18171
17966
17881
17879
17871
17855
17821
17698
17678
17670
17668
17617
17553
17299
17232
17210
17205
17190
17188
17162
17161
17152
17129
17100
17087
17084
17011
17008
17006
17002
16935
16880
16868
16828
16827
16779
16766
16746
16735
16733
16707
16680
16619
16609
16608
16600
16567
16537
16461
16405
16346
16328
16272
16151
16143
16063
16029
16012
16011
15988
15976
15970
15956
15949
15940
15931
15909
15838
15837
15826
15807
15725
15717
15605
15497
15345
15294
15290
15243
15196
15196
15050
14996
14961
14945
14943
14932
14925
14909
14907
14897
14885
14863
14861
14848
14846
14836
14814
14814
14796
14776
14764
14762
14759
14749
14748
14743
14740
14737
14724
14722
14719
14710
14710
14708
14704
14698
14698
14685
14683
14679
14679
14676
14674
14674
14672
14672
14671
14669
14669
14663
14663
14660
14659
14657
14655
14654
14642
14635
14622
14617
14613
14608
14601
14595
14593
14592
14592
14587
14578
14573
14572
14569
14567
14566
14558
14552
14551
14548
14534
14527
14526
14524
14524
14520
14513
14501
14490
14486
14485
14474
14465
14465
14462
14459
14458
14457
14448
14442
14442
14434
14432
14422
14416
14397
14397
14384
14381
14373
14373
14361
14350
14347
14343
14322
14317
14308
14292
14291
14281
14262
14253
14228
14212
14211
14191
14188
14187
14186
14147
14142
14142
14112
14092
14076
14032
14014
13993
13969
13890
13878
13871
13869
13844
13827
13825
13816
13810
13805
13802
13756
13619
13617
13599
13579
13508
13291
13268
13200
12996
12930
12912
12846
12785
12654
12638
12587
12553
12551
12534
12527
12526
12526
12512
12480
12446
12390
12363
12354
12329
12263
12262
12256
12256
12247
12238
12135
12122
12108
12096
12068
12009
12001
11951
11942
11920
11899
11893
11886
11880
11838
11816
11816
11781
11765
11744
11744
11726
11722
11690
11686
11670
11662
11660
11643
11584
11580
11537
11508
11497
11471
11457
11449
11447
11428
11425
11412
11411
11410
11394
11389
11372
11357
11307
11300
11300
11293
11292
11286
11284
11269
11267
11257
11254
11252
11241
11226
11192
11166
11147
11139
11060
11050
11000
10976
10953
10929
10925
10923
10881
10814
10774
10771
10762
10756
10752
10705
10679
10677
10654
10641
10630
10596
10593
10579
10566
10562
10501
10459
10437
10422
10412
10410
10365
10358
10354
10346
10336
10320
10300
10294
10276
10257
10247
10246
10244
10238
10235
10230
10230
10229
10225
10224
10210
10206
10205
10201
10200
10196
10194
10194
10191
10189
10187
10186
10186
10183
10182
10181
10177
10177
10177
10175
10174
10174
10172
10171
10170
10169
10169
10166
10164
10160
10157
10155
10154
10153
10151
10148
10148
10147
10144
10143
10143
10141
10137
10134
10131
10130
10129
10128
10127
10126
10125
10125
10124
10123
10122
10119
10118
10118
10113
10113
10108
10108
10108
10104
10098
10097
10097
10095
10094
10091
10085
10083
10082
10081
10077
10075
10075
10074
10074
10072
10067
10065
10065
10061
10059
10058
10057
10044
10043
10041
10039
10039
10037
10034
10033
10029
10028
10022
10022
10022
10020
10020
10020
10017
10016
10014
10013
10008
10007
10006
10004
10004
10003
9993
9986
9975
9967
9966
9961
9945
9939
9937
9932
9932
9931
9925
9920
9915
9915
9913
9893
9890
9888
9888
9884
9883
9881
9881
9877
9876
9873
9868
9862
9861
9854
9851
9841
9836
9827
9826
9824
9818
9817
9816
9813
9812
9812
9799
9795
9794
9792
9780
9772
9760
9755
9754
9752
9751
9746
9744
9744
9738
9733
9730
9722
9717
9717
9703
9692
9679
9679
9676
9673
9672
9672
9661
9660
9655
9650
9639
9628
9628
9627
9625
9619
9616
9602
9599
9595
9591
9588
9586
9582
9578
9576
9567
9560
9554
9553
9551
9549
9548
9545
9543
9529
9529
9528
9526
9524
9520
9512
9497
9493
9491
9488
9487
9482
9469
9469
9464
9458
9457
9457
9452
9448
9444
9440
9440
9439
9439
9431
9429
9425
9421
9419
9418
9410
9409
9403
9398
9398
9396
9378
9377
9375
9373
9372
9368
9361
9357
9354
9351
9348
9348
9337
9333
9333
9333
9330
9330
9321
9320
9316
9313
9309
9307
9305
9304
9303
9302
9301
9299
9298
9297
9296
9289
9288
9287
9281
9278
9274
9273
9272
9272
9271
9271
9271
9270
9269
9268
9268
9267
9260
9258
9256
9255
9252
9252
9251
9251
9251
9249
9249
9249
9248
9246
9246
9246
9243
9241
9241
9239
9238
9234
9232
9230
9228
9227
9226
9226
9224
9224
9224
9222
9222
9219
9217
9215
9214
9210
9209
9209
9208
9208
9207
9206
9205
9199
9199
9198
9195
9192
9192
9189
9189
9187
9186
9185
9184
9182
9181
9180
9180
9179
9177
9176
9175
9173
9170
9159
9159
9158
9157
9156
9154
9151
9149
9148
9144
9144
9142
9142
9141
9141
9135
9133
9130
9130
9129
9129
9128
9127
9126
9122
9119
9118
9115
9113
9110
9109
9106
9102
9101
9098
9097
9094
9082
9079
9078
9077
9073
9064
9054
9052
9049
9044
9042
9039
9034
9033
9028
9025
9020
9016
9014
9014
9012
9012
9008
9006
9000
8998
8996
8996
8993
8988
8987
8984
8983
8982
8969
8968
8966
8961
8959
8955
8954
8951
8944
8944
8944
8937
8935
8932
8928
8924
8923
8913
8913
8909
8908
8906
8905
8905
8903
8888
8887
8884
8877
8874
8868
8858
8852
8851
8849
8845
8841
8836
8816
8809
8804
8804
8802
8801
8793
8792
8790
8786
8783
8776
8757
8756
8751
8750
8727
8719
8708
8672
8669
8669
8664
8663
8663
8660
8658
8643
8642
8642
8639
8633
8629
8624
8615
8608
8602
8591
8590
8572
8572
8569
8566
8557
8554
8551
8547
8528
8521
8516
8513
8508
8504
8491
8480
8471
8469
8463
8462
8457
8448
8428
8427
8420
8414
8413
8410
8406
8398
8395
8393
8385
8364
8354
8353
8347
8325
8324
8318
8317
8314
8268
8264
8257
8253
8247
8247
8247
8239
8238
8237
8231
8230
8228
8226
8220
8212
8209
8195
8192
8186
8182
8173
8162
8154
8149
8144
8142
8139
8138
8136
8133
8129
8126
8107
8106
8102
8101
8100
8099
8095
8093
8085
8079
8076
8074
8072
8063
8057
8053
8036
8033
8029
8027
8019
8015
8009
8005
7996
7995
7986
7983
7977
7971
7970
7959
7957
7955
7951
7948
7927
7922
7922
7919
7914
7903
7899
7897
7897
7897
7896
7888
7887
7883
7882
7871
7863
7863
7862
7862
7860
7858
7858
7823
7814
7814
7812
7812
7811
7811
7808
7802
7797
7795
7794
7793
7793
7791
7788
7786
7786
7784
7780
7780
7776
7774
7765
7763
7757
7754
7752
7750
7748
7748
7744
7743
7732
7730
7724
7721
7720
7709
7705
7705
7697
7689
7676
7675
7664
7657
7654
7645
7636
7628
7619
7619
7610
7609
7608
7608
7606
7606
7604
7603
7601
7596
7594
7593
7591
7591
7589
7583
7582
7577
7576
7574
7572
7572
7568
7567
7565
7560
7558
7550
7548
7547
7546
7545
7544
7540
7538
7538
7535
7535
7520
7519
7515
7512
7508
7498
7483
7481
7478
7469
7469
7465
7462
7461
7460
7457
7453
7452
7450
7447
7444
7443
7442
7441
7440
7439
7434
7433
7433
7433
7431
7428
7428
7425
7423
7423
7423
7422
7418
7415
7414
7410
7405
7404
7403
7402
7401
7399
7394
7391
7383
7381
7380
7371
7369
7364
7362
7353
7353
7351
7350
7349
7345
7341
7340
7335
7333
7331
7329
7329
7329
7328
7327
7326
7326
7322
7319
7319
7316
7310
7307
7305
7303
7299
7298
7297
7296
7293
7292
7290
7287
7286
7284
7282
7282
7278
7274
7266
7265
7264
7260
7254
7249
7246
7243
7233
7232
7231
7229
7228
7222
7217
7213
7213
7211
7209
7208
7208
7205
7204
7202
7199
7197
7190
7190
7190
7184
7184
7181
7175
7174
7165
7165
7164
7162
7159
7156
7156
7155
7152
7149
7134
7132
7129
7129
7127
7123
7117
7116
7106
7098
7094
7092
7085
7085
7084
7083
7083
7081
7081
7079
7076
7073
7070
7065
7059
7058
7056
7056
7049
7044
7040
7038
7037
7036
7035
7030
7029
7028
7021
7021
7019
7017
7014
7012
7011
7007
7004
6998
6990
6987
6984
6982
6979
6979
6977
6977
6974
6963
6954
6951
6943
6938
6936
6934
6931
6928
6925
6925
6919
6914
6909
6905
6902
6901
6898
6896
6894
6893
6893
6893
6888
6881
6874
6874
6873
6866
6866
6856
6856
6851
6851
6849
6849
6849
6848
6845
6844
6843
6843
6841
6840
6833
6833
6833
6832
6831
6828
6825
6823
6820
6818
6815
6807
6807
6806
6802
6799
6793
6790
6785
6783
6777
6774
6769
6765
6765
6764
6762
6761
6760
6759
6755
6751
6750
6749
6742
6740
6738
6735
6734
6732
6730
6730
6727
6726
6726
6726
6724
6721
6721
6719
6719
6717
6717
6716
6713
6712
6710
6709
6709
6708
6706
6705
6705
6703
6701
6699
6698
6697
6694
6694
6691
6688
6688
6687
6687
6687
6686
6685
6684
6683
6681
6680
6680
6678
6677
6676
6674
6673
6668
6667
6659
6658
6658
6657
6656
6651
6651
6648
6647
6647
6646
6640
6639
6636
6636
6635
6635
6632
6631
6631
6629
6627
6624
6623
6622
6621
6617
6614
6612
6610
6610
6610
6607
6606
6604
6601
6600
6599
6599
6597
6596
6595
6591
6591
6588
6588
6588
6588
6586
6585
6585
6583
6581
6579
6578
6576
6575
6573
6573
6573
6572
6572
6572
6569
6566
6565
6562
6561
6560
6559
6556
6556
6554
6553
6552
6548
6548
6547
6543
6542
6542
6541
6541
6540
6538
6537
6536
6535
6534
6533
6533
6529
6527
6525
6520
6520
6516
6512
6511
6510
6510
6509
6508
6505
6502
6501
6500
6500
6498
6496
6496
6495
6495
6494
6494
6493
6492
6492
6486
6483
6482
6482
6481
6480
6477
6474
6471
6471
6470
6468
6467
6464
6463
6463
6463
6461
6460
6460
6459
6458
6458
6458
6458
6457
6454
6451
6450
6449
6447
6447
6446
6446
6444
6441
6440
6438
6436
6436
6435
6435
6433
6432
6431
6428
6427
6427
6424
6421
6421
6420
6419
6418
6416
6414
6413
6412
6411
6411
6409
6407
6407
6406
6403
6403
6402
6402
6401
6401
6400
6399
6397
6397
6395
6394
6392
6390
6387
6387
6386
6385
6384
6382
6379
6377
6376
6374
6372
6370
6367
6366
6366
6366
6366
6365
6361
6358
6358
6356
6356
6354
6354
6352
6350
6350
6349
6348
6346
6345
6344
6342
6338
6337
6336
6335
6334
6334
6332
6330
6328
6324
6321
6319
6319
6317
6315
6315
6314
6313
6313
6312
6310
6305
6305
6300
6299
6297
6296
6295
6293
6292
6292
6288
6287
6286
6283
6280
6280
6280
6279
6279
6277
6277
6276
6275
6275
6274
6273
6272
6272
6272
6272
6272
6271
6266
6264
6264
6256
6255
6255
6250
6249
6247
6247
6247
6246
6244
6241
6241
6238
6237
6236
6236
6233
6232
6226
6225
6224
6221
6220
6216
6216
6216
6216
6214
6214
6205
6203
6202
6202
6201
6200
6200
6199
6195
6193
6193
6192
6192
6192
6191
6190
6186
6184
6184
6184
6183
6183
6177
6176
6175
6175
6174
6173
6167
6165
6164
6159
6157
6157
6156
6155
6153
6152
6152
6148
6147
6144
6143
6141
6141
6140
6139
6136
6136
6135
6133
6133
6131
6127
6126
6126
6125
6125
6125
6119
6118
6116
6116
6114
6111
6109
6108
6108
6107
6107
6106
6103
6102
6102
6098
6096
6095
6094
6093
6091
6090
6088
6086
6085
6083
6082
6082
6081
6080
6075
6074
6074
6074
6072
6071
6070
6066
6062
6060
6051
6051
6049
6048
6047
6046
6045
6041
6038
6038
6037
6036
6035
6034
6033
6032
6032
6031
6031
6031
6028
6027
6025
6023
6016
6010
6009
6008
6008
6007
6005
6004
6003
6003
6001
6000
5999
5998
5993
5992
5989
5989
5989
5988
5986
5986
5983
5983
5982
5980
5979
5979
5979
5978
5977
5977
5977
5974
5974
5973
5972
5972
5971
5968
5968
5966
5965
5964
5962
5961
5961
5960
5957
5956
5956
5951
5951
5950
5948
5948
5940
5940
5939
5939
5938
5937
5936
5935
5935
5934
5933
5933
5930
5930
5924
5924
5924
5922
5921
5920
5919
5919
5919
5917
5914
5913
5913
5912
5911
5910
5910
5910
5908
5908
5906
5905
5903
5901
5899
5899
5898
5898
5897
5897
5896
5893
5892
5892
5891
5891
5890
5890
5888
5888
5888
5888
5887
5887
5885
5883
5883
5883
5882
5880
5879
5879
5879
5875
5875
5874
5874
5873
5873
5871
5870
5869
5868
5867
5866
5866
5866
5866
5865
5864
5863
5861
5860
5860
5860
5857
5854
5854
5853
5852
5851
5849
5848
5847
5846
5845
5843
5842
5839
5839
5838
5838
5837
5833
5831
5830
5828
5826
5824
5823
5823
5822
5819
5815
5814
5814
5812
5812
5810
5810
5810
5808
5808
5807
5806
5804
5800
5797
5797
5794
5794
5792
5791
5791
5791
5790
5789
5784
5783
5783
5782
5781
5780
5778
5777
5777
5775
5774
5773
5773
5772
5771
5771
5771
5770
5769
5767
5767
5765
5765
5763
5760
5759
5759
5759
5758
5758
5756
5754
5753
5752
5752
5751
5749
5749
5747
5745
5745
5744
5744
5741
5739
5738
5737
5736
5735
5735
5733
5733
5732
5729
5728
5727
5727
5726
5725
5725
5724
5724
5722
5719
5719
5717
5716
5715
5714
5714
5714
5714
5714
5713
5712
5709
5708
5705
5704
5702
5701
5700
5698
5697
5694
5689
5685
5685
5684
5683
5683
5682
5679
5679
5675
5675
5673
5673
5673
5672
5671
5668
5667
5666
5665
5665
5665
5662
5660
5660
5657
5657
5656
5655
5653
5653
5650
5648
5646
5645
5642
5641
5641
5640
5639
5639
5637
5634
5634
5633
5632
5631
5631
5631
5628
5625
5623
5622
5621
5619
5617
5617
5616
5613
5612
5612
5611
5610
5610
5610
5609
5609
5608
5608
5606
5605
5601
5600
5600
5600
5599
5595
5593
5592
5592
5590
5587
5587
5585
5584
5584
5583
5581
5580
5579
5578
5578
5577
5577
5576
5572
5568
5565
5564
5561
5558
5557
5556
5555
5551
5549
5546
5545
5545
5544
5544
5544
5543
5543
5542
5539
5539
5539
5536
5535
5534
5533
5533
5532
5531
5531
5528
5528
5526
5524
5522
5522
5514
5513
5512
5512
5510
5506
5506
5504
5502
5500
5500
5499
5497
5495
5494
5493
5488
5486
5484
5484
5483
5474
5472
5471
5469
5468
5467
5467
5466
5465
5465
5459
5456
5456
5455
5454
5454
5453
5453
5451
5448
5448
5446
5445
5445
5444
5443
5443
5443
5443
5442
5441
5439
5439
5437
5435
5435
5434
5432
5431
5428
5426
5426
5425
5421
5421
5418
5416
5415
5408
5404
5402
5402
5399
5399
5397
5397
5396
5396
5396
5395
5394
5390
5375
5373
5373
5372
5367
5366
5358
5356
5347
5347
5338
5338
5337
5337
5336
5335
5333
5333
5328
5327
5327
5325
5322
5318
5318
5313
5312
5306
5304
5302
5302
5300
5300
5296
5295
5294
5288
5285
5282
5279
5279
5278
5274
5273
5270
5270
5267
5266
5266
5262
5262
5259
5258
5258
5256
5255
5254
5252
5252
5251
5250
5248
5247
5246
5237
5236
5231
5231
5229
5228
5227
5224
5218
5217
5210
5207
5206
5204
5204
5194
5188
5188
5180
5179
5179
5178
5178
5177
5174
5172
5171
5169
5169
5167
5165
5154
5151
5150
5146
5146
5137
5130
5129
5128
5128
5127
5127
5126
5126
5122
5122
5121
5118
5112
5110
5109
5101
5101
5093
5091
5088
5088
5088
5086
5083
5079
5076
5075
5075
5068
5066
5061
5055
5053
5049
5047
5046
5044
5042
5041
5036
5034
5031
5028
5026
5026
5025
5022
5021
5021
5019
5015
4994
4989
4987
4979
4977
4970
4965
4948
4945
4926
4914
4899
4894
4875
4864
4860
4851
4842
4831
4817
4811
4783
4771
4732
4732
4716
4714
4697
4693
4689
4684
4683
4678
4676
4673
4668
4658
4649
4647
4638
4636
4625
4597
4563
4555
4541
4502
4480
4476
4387
4366
4366
4358
4333
4319
4312
4290
4094
4023
3842
3824
3819
3730
3641
3627
3570
3528
3514
3492
3435
3249
3248
3192
3180
3168
3132
3098
3041
3023
3020
3020
3019
3016
3016
3016
3016
2998
2965
2956
2930
2901
2891
2880
2864
2847
2844
2844
2844
2844
2759
2752
2727
2716
2701
2473
2456
2442
2438
2302
2275
2193
2136
1909
1909
1909
1647
1632
1625
1556
1550
1471
1393
1359
1331
1321
1316
1280
1278
1273
1262
1084
874
863
809
751
726
695
685
642
642
642
642
642
575
466
465
463
462
459
458
458
457
346
327
275
228
149
126
120
107
92
90
86
85
76
63
55
55
55
55
55
54
52
52
46
46
46
46
42
37
35
34
29
28
26
25
23
23
23
22
22
18
17
15
14
14
14
14
11
10
9
9
8
8
8
7
7
6
4
4
4
4
4
4
2
2
1
1
