206867
152563
143691
137550
136960
125595
125303
124506
120463
119323
116547
104974
103150
101820
94486
90928
90668
87650
87113
86006
83025
79907
78981
73843
71376
70019
69780
68489
68189
67956
67249
66635
65867
64623
63653
61936
61447
61374
61221
59866
59393
58020
57621
57470
57335
57122
55478
55143
54439
54418
53883
53180
52201
51934
51739
51730
51168
51080
50809
50356
50106
49805
49371
48831
48631
48545
48430
48391
48189
47674
47579
47563
47515
47057
46857
46655
46531
46447
46255
44856
44845
44581
44390
44239
44013
43014
42965
42731
42656
42596
42376
42015
41954
41569
41425
41397
41299
41197
40964
40894
40352
40171
39865
39809
39256
38514
38489
38339
38256
37846
36952
36798
36063
35917
35904
35813
35362
35058
34681
34521
34418
34266
34106
34101
33380
32899
32861
32724
32366
32157
32029
31859
31849
31609
31596
31393
31071
30962
30946
30847
30700
30606
30604
30421
30290
30267
30259
30037
29838
29827
29785
29777
29273
28904
28894
28875
28831
28765
28634
28404
28186
28174
28135
27983
27940
27881
27836
27604
27442
27403
27320
27235
27140
27093
26966
26662
26588
26550
26366
26364
26277
26225
26164
25998
25883
25845
25652
25161
25010
24954
24927
24886
24778
24775
24751
24733
24703
24653
24374
24205
24074
23992
23891
23860
23549
23406
23394
23384
22856
22807
22761
22738
22610
22586
22545
22470
22233
22165
21997
21897
21884
21865
21808
21772
21730
21679
21541
21534
21519
21288
21285
21122
21064
20997
20911
20800
20697
20465
20439
20413
20306
20215
20213
20146
20130
20065
20051
20042
20016
19765
19737
19663
19628
19594
19515
19486
19432
19191
19044
19043
19033
19004
18867
18864
18819
18816
18801
18705
18697
18515
18447
18415
18379
18318
18131
18017
18016
18004
17995
17993
17985
17969
17937
17886
17873
17864
17745
17707
17698
17676
17604
17571
17485
17437
17434
17344
17284
17221
17216
16930
16916
16891
16866
16842
16803
16768
16760
16753
16721
16672
16611
16600
16459
16438
16383
16314
16283
16278
16268
16228
16150
16119
15990
15976
15965
15885
15799
15711
15685
15663
15658
15657
15653
15581
15562
15378
15226
15208
15200
15192
15164
15156
15117
15098
15086
14998
14963
14862
14853
14844
14826
14825
14798
14796
14782
14761
14754
14746
14736
14733
14727
14693
14677
14673
14666
14651
14646
14641
14637
14585
14583
14537
14496
14489
14480
14453
14444
14437
14434
14433
14428
14291
14285
14249
14138
14134
14131
14117
14110
14090
14089
14089
13958
13902
13887
13884
13881
13865
13843
13835
13811
13803
13760
13735
13731
13722
13721
13712
13711
13701
13688
13679
13654
13648
13624
13608
13600
13577
13478
13468
13423
13397
13373
13368
13345
13340
13340
13320
13305
13294
13282
13179
13175
13084
13075
13018
13010
12960
12952
12912
12879
12870
12753
12729
12671
12590
12585
12567
12534
12532
12530
12529
12482
12479
12460
12428
12410
12398
12360
12335
12302
12234
12233
12227
12215
12207
12196
12152
12147
12102
12078
12072
12071
12037
12002
11994
11984
11937
11921
11888
11874
11842
11833
11830
11819
11804
11782
11775
11768
11739
11722
11711
11680
11669
11669
11646
11637
11612
11599
11517
11458
11454
11382
11361
11280
11273
11255
11243
11238
11219
11182
11176
11158
11072
11069
11051
11050
11036
11026
11020
11017
11008
10998
10977
10974
10915
10910
10893
10883
10833
10777
10695
10624
10603
10598
10584
10548
10523
10498
10492
10465
10464
10462
10457
10455
10408
10370
10347
10311
10303
10238
10238
10220
10205
10199
10190
10171
10142
10142
10138
10127
10119
10097
10074
10070
10060
10049
10038
10025
10004
9994
9927
9922
9909
9867
9865
9856
9784
9725
9712
9703
9702
9701
9690
9675
9662
9649
9639
9619
9612
9605
9592
9573
9570
9562
9541
9536
9525
9524
9468
9461
9403
9399
9396
9377
9374
9373
9372
9365
9348
9341
9327
9317
9308
9304
9281
9254
9253
9250
9209
9179
9174
9100
9060
9048
9027
9013
8999
8973
8951
8941
8925
8892
8889
8875
8839
8829
8805
8784
8778
8762
8757
8750
8742
8736
8707
8688
8680
8662
8661
8654
8651
8648
8640
8626
8626
8617
8591
8586
8581
8580
8567
8566
8563
8560
8559
8557
8538
8537
8530
8527
8482
8475
8447
8440
8431
8410
8405
8399
8385
8370
8370
8356
8353
8352
8343
8337
8331
8314
8294
8293
8288
8275
8269
8268
8264
8262
8251
8245
8242
8232
8204
8194
8191
8186
8180
8157
8146
8144
8122
8114
8106
8080
8079
8072
8071
8070
8062
8053
8051
8045
8040
8034
8022
7994
7993
7991
7970
7969
7961
7959
7957
7956
7955
7952
7920
7905
7894
7890
7868
7861
7855
7853
7839
7838
7837
7819
7813
7802
7794
7783
7771
7739
7720
7720
7705
7691
7689
7648
7625
7624
7616
7616
7593
7570
7557
7551
7541
7539
7529
7526
7524
7514
7512
7489
7477
7459
7447
7429
7414
7413
7412
7405
7403
7396
7388
7375
7349
7336
7330
7322
7318
7313
7294
7292
7266
7259
7257
7252
7250
7245
7238
7218
7217
7211
7206
7193
7188
7176
7174
7157
7155
7153
7149
7137
7133
7129
7125
7121
7120
7110
7106
7100
7098
7085
7083
7082
7073
7059
7054
7053
7047
7031
7007
6995
6949
6944
6941
6940
6940
6931
6926
6908
6905
6905
6903
6900
6888
6888
6875
6870
6865
6853
6830
6820
6814
6800
6799
6778
6762
6741
6738
6730
6729
6728
6724
6719
6709
6689
6689
6689
6686
6683
6673
6673
6668
6664
6662
6658
6656
6653
6651
6648
6639
6619
6613
6611
6601
6591
6581
6576
6575
6575
6575
6554
6542
6541
6539
6525
6523
6512
6505
6496
6494
6491
6488
6486
6483
6478
6477
6469
6457
6453
6449
6447
6439
6428
6411
6390
6369
6360
6349
6347
6340
6337
6312
6305
6289
6284
6275
6274
6272
6261
6261
6259
6251
6228
6218
6216
6204
6202
6196
6195
6194
6188
6184
6163
6157
6151
6149
6148
6147
6135
6135
6132
6126
6116
6111
6061
6055
6049
6036
6024
6017
6016
6010
6010
6007
6006
6006
6006
6000
5987
5984
5982
5979
5978
5975
5970
5969
5966
5964
5950
5947
5946
5923
5919
5918
5909
5901
5889
5884
5873
5872
5863
5860
5857
5853
5852
5828
5806
5804
5802
5784
5776
5770
5769
5764
5757
5756
5748
5738
5738
5738
5735
5735
5728
5716
5713
5712
5707
5697
5692
5689
5678
5676
5668
5667
5651
5650
5648
5648
5635
5634
5634
5632
5632
5632
5620
5609
5600
5596
5595
5582
5578
5573
5573
5556
5556
5551
5546
5543
5542
5539
5531
5527
5524
5510
5508
5506
5505
5503
5499
5498
5496
5494
5491
5476
5471
5470
5468
5466
5456
5444
5442
5440
5437
5437
5423
5422
5419
5411
5409
5406
5403
5395
5394
5394
5379
5371
5363
5362
5356
5356
5353
5338
5318
5316
5315
5310
5309
5307
5304
5297
5296
5284
5283
5280
5277
5277
5272
5272
5271
5267
5266
5259
5254
5247
5242
5236
5233
5232
5223
5222
5198
5196
5195
5195
5194
5190
5190
5172
5166
5164
5157
5143
5138
5132
5132
5111
5110
5109
5109
5103
5098
5098
5097
5090
5082
5081
5078
5076
5076
5074
5072
5069
5064
5064
5063
5060
5059
5059
5046
5036
5036
5031
5031
5031
5030
5020
4999
4994
4991
4989
4985
4984
4984
4977
4977
4970
4967
4960
4957
4956
4955
4953
4953
4935
4928
4923
4920
4900
4870
4857
4853
4846
4845
4845
4844
4836
4827
4811
4811
4811
4810
4808
4795
4789
4783
4779
4775
4749
4747
4744
4733
4730
4725
4707
4702
4698
4684
4683
4681
4681
4678
4677
4676
4665
4664
4663
4663
4662
4660
4653
4653
4643
4627
4622
4621
4619
4618
4608
4607
4602
4599
4594
4594
4589
4583
4581
4577
4567
4567
4553
4548
4543
4543
4540
4534
4531
4526
4515
4513
4512
4512
4509
4506
4505
4505
4502
4487
4483
4475
4474
4471
4466
4459
4449
4442
4435
4434
4434
4432
4429
4425
4425
4423
4423
4423
4421
4421
4419
4416
4414
4410
4407
4403
4387
4384
4368
4366
4365
4363
4360
4359
4357
4356
4347
4342
4339
4331
4319
4318
4316
4312
4312
4305
4302
4302
4292
4287
4275
4271
4269
4267
4266
4266
4260
4258
4257
4257
4256
4256
4253
4252
4249
4249
4243
4239
4228
4223
4222
4218
4217
4216
4215
4214
4212
4195
4195
4195
4195
4187
4184
4183
4182
4180
4171
4169
4169
4162
4161
4160
4160
4154
4151
4148
4144
4142
4141
4140
4138
4134
4131
4128
4126
4123
4120
4113
4109
4104
4100
4098
4092
4092
4090
4085
4084
4076
4073
4072
4070
4070
4069
4067
4061
4060
4054
4052
4048
4048
4042
4039
4031
4018
4017
4016
4015
4013
4010
4005
3999
3998
3997
3996
3994
3989
3988
3987
3986
3983
3980
3975
3975
3974
3969
3966
3961
3961
3960
3958
3953
3951
3949
3946
3945
3934
3928
3927
3920
3918
3915
3912
3910
3910
3908
3906
3904
3898
3897
3893
3892
3887
3886
3882
3882
3881
3881
3880
3873
3871
3868
3860
3860
3860
3857
3854
3853
3847
3846
3843
3843
3842
3841
3839
3838
3837
3832
3829
3823
3822
3821
3815
3814
3813
3811
3810
3810
3806
3805
3804
3801
3800
3797
3797
3794
3793
3791
3787
3787
3780
3778
3774
3773
3773
3767
3762
3757
3754
3752
3751
3749
3749
3738
3737
3732
3731
3730
3726
3726
3724
3723
3721
3718
3713
3712
3712
3709
3704
3701
3701
3697
3693
3690
3689
3688
3688
3683
3678
3673
3672
3670
3669
3665
3660
3643
3633
3632
3629
3629
3623
3621
3618
3616
3615
3613
3610
3608
3601
3600
3598
3598
3595
3592
3590
3584
3577
3576
3575
3575
3572
3571
3570
3566
3565
3560
3558
3553
3552
3547
3547
3543
3541
3540
3534
3534
3531
3530
3530
3527
3525
3520
3519
3517
3516
3516
3513
3512
3503
3502
3497
3496
3494
3489
3478
3469
3466
3462
3460
3460
3458
3458
3458
3453
3452
3451
3445
3440
3437
3434
3431
3430
3428
3427
3424
3414
3413
3413
3407
3405
3403
3403
3402
3398
3397
3397
3394
3393
3392
3390
3389
3388
3382
3382
3379
3377
3377
3377
3376
3375
3374
3373
3372
3369
3369
3367
3366
3363
3356
3355
3354
3354
3351
3348
3348
3346
3343
3338
3334
3333
3330
3329
3328
3327
3326
3326
3325
3324
3318
3317
3317
3316
3314
3308
3303
3302
3301
3297
3293
3292
3288
3285
3282
3276
3274
3271
3268
3268
3265
3263
3256
3255
3254
3250
3250
3250
3244
3242
3239
3235
3230
3226
3223
3222
3219
3212
3210
3209
3207
3206
3204
3202
3202
3200
3197
3195
3193
3191
3188
3188
3186
3181
3180
3176
3173
3173
3172
3169
3168
3164
3163
3162
3162
3161
3160
3157
3156
3155
3153
3150
3146
3146
3144
3143
3143
3142
3141
3140
3140
3139
3137
3130
3126
3126
3124
3123
3121
3117
3116
3116
3104
3103
3103
3096
3096
3094
3091
3089
3088
3088
3087
3086
3084
3082
3081
3080
3079
3079
3078
3078
3075
3074
3072
3071
3069
3056
3054
3052
3051
3051
3051
3044
3043
3040
3038
3037
3036
3035
3033
3033
3030
3027
3027
3025
3016
3015
3008
3008
3000
2989
2989
2987
2985
2982
2979
2976
2973
2971
2971
2964
2963
2961
2959
2959
2959
2954
2952
2952
2952
2951
2949
2947
2943
2941
2940
2939
2939
2938
2937
2932
2931
2928
2927
2926
2925
2924
2923
2923
2922
2917
2917
2916
2916
2914
2909
2907
2907
2901
2898
2896
2892
2891
2886
2882
2880
2878
2878
2878
2877
2876
2873
2871
2869
2869
2868
2865
2864
2862
2862
2862
2862
2857
2854
2852
2851
2851
2844
2843
2839
2839
2837
2837
2836
2834
2831
2830
2828
2827
2827
2825
2825
2824
2821
2819
2819
2816
2815
2813
2811
2811
2810
2808
2808
2807
2806
2806
2806
2803
2803
2798
2796
2795
2795
2795
2793
2792
2790
2789
2788
2787
2785
2784
2782
2781
2780
2780
2776
2774
2773
2773
2773
2769
2765
2764
2763
2760
2755
2754
2752
2752
2752
2749
2743
2743
2743
2743
2741
2737
2736
2736
2735
2734
2734
2734
2731
2731
2726
2725
2724
2722
2721
2719
2718
2718
2716
2715
2714
2710
2708
2707
2703
2702
2699
2698
2697
2696
2695
2694
2692
2691
2690
2688
2688
2686
2681
2680
2678
2678
2677
2677
2675
2673
2673
2673
2672
2671
2669
2668
2663
2660
2659
2657
2655
2653
2648
2643
2643
2641
2640
2639
2637
2637
2635
2632
2629
2626
2626
2623
2620
2620
2619
2619
2618
2618
2615
2615
2614
2614
2613
2611
2610
2608
2607
2607
2607
2605
2603
2602
2602
2598
2598
2597
2595
2592
2591
2590
2589
2588
2587
2585
2582
2582
2581
2581
2581
2579
2579
2577
2577
2574
2574
2570
2570
2570
2569
2569
2569
2568
2567
2567
2566
2565
2563
2563
2562
2562
2560
2557
2555
2555
2552
2551
2550
2549
2546
2542
2538
2538
2532
2529
2527
2527
2526
2526
2525
2522
2522
2522
2522
2521
2521
2513
2513
2510
2508
2507
2506
2506
2504
2499
2499
2498
2497
2491
2490
2490
2487
2487
2484
2483
2478
2476
2474
2473
2467
2465
2465
2464
2460
2457
2454
2454
2452
2451
2449
2449
2447
2446
2446
2445
2444
2443
2439
2439
2438
2437
2435
2435
2430
2428
2428
2427
2426
2426
2426
2424
2424
2423
2422
2420
2420
2419
2419
2417
2416
2415
2413
2410
2407
2407
2407
2406
2405
2405
2404
2404
2403
2400
2400
2400
2399
2393
2392
2389
2387
2386
2384
2383
2381
2381
2380
2377
2377
2376
2375
2374
2373
2373
2372
2371
2370
2370
2369
2367
2366
2365
2364
2364
2360
2355
2351
2349
2346
2345
2345
2344
2343
2343
2337
2337
2336
2335
2334
2333
2332
2332
2331
2329
2328
2328
2327
2327
2325
2324
2322
2322
2321
2319
2316
2315
2313
2312
2310
2309
2308
2307
2304
2302
2302
2302
2301
2299
2299
2299
2297
2297
2296
2295
2294
2292
2288
2287
2285
2284
2281
2277
2275
2274
2274
2274
2272
2271
2271
2271
2271
2270
2267
2265
2259
2258
2256
2255
2254
2254
2251
2251
2250
2250
2250
2248
2247
2247
2246
2245
2245
2244
2244
2244
2243
2243
2241
2238
2238
2237
2233
2231
2229
2228
2228
2228
2228
2225
2225
2224
2224
2223
2223
2222
2222
2220
2219
2217
2217
2216
2215
2214
2213
2213
2211
2210
2209
2208
2208
2206
2205
2204
2204
2204
2203
2202
2201
2199
2199
2199
2198
2197
2193
2192
2192
2192
2188
2188
2188
2186
2186
2185
2185
2185
2184
2184
2183
2182
2179
2179
2177
2177
2176
2175
2174
2173
2171
2171
2171
2169
2166
2164
2162
2161
2161
2160
2160
2159
2158
2157
2154
2152
2150
2149
2146
2144
2144
2144
2137
2136
2136
2135
2135
2135
2134
2134
2131
2130
2128
2125
2125
2123
2122
2120
2120
2118
2116
2115
2112
2111
2111
2110
2109
2109
2108
2108
2107
2106
2105
2105
2104
2103
2102
2102
2101
2099
2097
2095
2095
2094
2094
2093
2092
2092
2090
2090
2087
2087
2086
2085
2085
2084
2083
2078
2078
2077
2077
2077
2076
2074
2071
2071
2071
2071
2070
2066
2064
2064
2063
2063
2062
2060
2060
2058
2057
2057
2056
2056
2053
2052
2047
2046
2046
2044
2044
2044
2043
2043
2041
2041
2041
2040
2040
2040
2040
2039
2038
2037
2035
2033
2033
2032
2031
2031
2030
2030
2029
2028
2028
2027
2026
2024
2023
2020
2020
2019
2017
2015
2013
2012
2008
2008
2007
2007
2006
2005
2005
2004
2002
2001
1999
1997
1995
1995
1995
1994
1993
1993
1993
1992
1992
1991
1989
1987
1986
1985
1985
1985
1982
1980
1978
1978
1977
1976
1973
1972
1972
1971
1971
1970
1968
1967
1966
1964
1963
1959
1959
1956
1954
1952
1951
1950
1950
1949
1949
1949
1949
1947
1947
1943
1939
1939
1939
1939
1938
1937
1936
1936
1936
1935
1935
1935
1935
1934
1933
1933
1931
1931
1930
1929
1929
1928
1927
1923
1922
1921
1921
1919
1919
1918
1918
1918
1917
1915
1914
1912
1910
1909
1907
1907
1907
1906
1905
1902
1901
1901
1901
1900
1899
1898
1897
1897
1897
1896
1894
1894
1892
1891
1890
1890
1890
1889
1886
1886
1886
1885
1885
1884
1883
1882
1881
1877
1877
1876
1875
1873
1873
1872
1870
1869
1865
1864
1864
1864
1864
1863
1861
1861
1860
1859
1857
1857
1854
1854
1854
1853
1853
1852
1849
1848
1847
1847
1845
1844
1843
1843
1842
1840
1838
1838
1838
1837
1836
1835
1835
1834
1834
1834
1833
1832
1831
1831
1831
1830
1829
1828
1828
1826
1826
1826
1825
1823
1823
1822
1822
1821
1820
1819
1819
1819
1814
1813
1811
1811
1811
1810
1809
1808
1807
1805
1804
1800
1800
1800
1799
1798
1798
1797
1796
1796
1795
1794
1793
1792
1792
1791
1790
1788
1787
1787
1786
1785
1784
1784
1784
1782
1782
1782
1781
1781
1781
1780
1780
1780
1780
1779
1779
1778
1778
1778
1777
1777
1776
1776
1775
1774
1774
1772
1772
1771
1770
1769
1769
1768
1768
1767
1765
1765
1764
1764
1763
1763
1762
1762
1761
1761
1760
1759
1758
1757
1757
1756
1756
1756
1753
1752
1751
1749
1748
1748
1747
1747
1746
1746
1745
1744
1743
1743
1743
1741
1741
1741
1740
1739
1739
1739
1738
1736
1736
1735
1735
1735
1735
1732
1731
1731
1730
1730
1727
1727
1727
1726
1726
1725
1725
1724
1724
1723
1723
1722
1721
1720
1720
1720
1719
1718
1716
1716
1713
1713
1712
1712
1711
1711
1711
1710
1709
1709
1708
1707
1706
1704
1704
1703
1703
1703
1701
1700
1699
1699
1698
1698
1697
1696
1695
1694
1694
1693
1692
1692
1690
1688
1686
1684
1683
1682
1680
1680
1679
1678
1677
1677
1677
1676
1676
1676
1674
1673
1672
1672
1672
1671
1670
1668
1667
1666
1664
1664
1664
1663
1663
1662
1662
1661
1659
1659
1657
1657
1656
1655
1654
1653
1653
1652
1650
1649
1648
1644
1642
1642
1641
1641
1641
1640
1638
1637
1637
1637
1636
1635
1634
1634
1634
1633
1633
1633
1632
1631
1630
1630
1630
1629
1629
1628
1627
1627
1626
1625
1624
1623
1623
1622
1622
1619
1619
1618
1616
1615
1615
1614
1613
1613
1612
1611
1609
1609
1609
1608
1607
1607
1606
1605
1605
1605
1604
1602
1601
1601
1599
1599
1598
1597
1596
1595
1593
1592
1592
1590
1589
1589
1587
1587
1586
1584
1583
1583
1581
1581
1581
1579
1578
1576
1575
1575
1575
1574
1573
1573
1572
1571
1570
1569
1569
1567
1567
1566
1565
1564
1562
1560
1560
1559
1559
1557
1557
1557
1554
1552
1552
1552
1551
1550
1549
1549
1546
1546
1541
1539
1537
1537
1536
1535
1533
1533
1533
1532
1531
1531
1530
1529
1528
1527
1525
1525
1525
1524
1522
1521
1519
1518
1514
1512
1511
1511
1510
1510
1510
1508
1508
1504
1504
1504
1504
1503
1503
1503
1502
1500
1500
1498
1498
1497
1496
1495
1495
1495
1495
1494
1494
1494
1493
1493
1492
1492
1490
1490
1490
1487
1487
1485
1485
1483
1481
1481
1480
1480
1480
1479
1478
1475
1474
1474
1474
1474
1472
1472
1471
1470
1467
1466
1466
1465
1464
1461
1461
1460
1459
1458
1456
1454
1454
1453
1453
1451
1451
1449
1449
1449
1449
1447
1447
1445
1444
1443
1442
1442
1441
1440
1440
1439
1438
1437
1437
1437
1436
1434
1434
1433
1433
1431
1430
1430
1429
1429
1429
1428
1428
1427
1425
1425
1425
1424
1424
1423
1422
1420
1418
1417
1416
1415
1414
1413
1413
1413
1412
1410
1410
1409
1409
1408
1407
1407
1407
1406
1406
1405
1403
1402
1399
1398
1398
1397
1396
1395
1394
1394
1393
1393
1391
1390
1390
1389
1389
1388
1385
1384
1383
1380
1380
1380
1379
1378
1377
1377
1375
1374
1373
1371
1371
1369
1369
1369
1368
1368
1367
1366
1366
1366
1364
1363
1361
1360
1360
1359
1358
1357
1357
1355
1354
1354
1354
1353
1353
1351
1350
1350
1350
1349
1349
1346
1346
1346
1345
1345
1344
1344
1344
1344
1343
1343
1342
1339
1339
1336
1336
1335
1335
1335
1335
1334
1333
1332
1332
1332
1332
1332
1330
1330
1327
1327
1327
1327
1327
1326
1324
1324
1324
1323
1321
1321
1319
1318
1317
1317
1316
1316
1315
1315
1314
1314
1311
1311
1310
1309
1308
1307
1307
1305
1304
1304
1303
1303
1303
1303
1300
1300
1300
1300
1300
1299
1297
1297
1296
1295
1294
1294
1292
1292
1291
1289
1289
1287
1286
1286
1284
1284
1284
1283
1282
1282
1281
1280
1279
1277
1277
1276
1275
1273
1272
1271
1269
1268
1266
1264
1263
1262
1262
1261
1261
1259
1259
1259
1257
1254
1252
1252
1249
1249
1248
1247
1246
1245
1244
1244
1242
1240
1240
1239
1239
1239
1238
1236
1234
1231
1230
1228
1227
1226
1225
1224
1224
1224
1223
1222
1219
1219
1218
1218
1215
1214
1206
1205
1202
1201
1200
1199
1198
1197
1195
1194
1194
1192
1188
1185
1185
1184
1182
1181
1179
1178
1177
1176
1175
1175
1174
1172
1169
1168
1167
1164
1163
1162
1161
1157
1156
1154
1150
1150
1148
1144
1140
1140
1140
1134
1130
1127
1126
1126
1125
1123
1122
1120
1118
1117
1117
1116
1115
1115
1115
1115
1114
1112
1112
1108
1103
1103
1099
1098
1097
1095
1093
1090
1089
1088
1086
1085
1081
1078
1071
1070
1063
1063
1062
1062
1053
1051
1048
1046
1040
1040
1040
1037
1037
1035
1035
1026
1022
1012
1012
1002
1002
999
997
995
994
993
992
984
982
977
975
965
964
961
960
959
956
956
950
949
944
925
925
924
920
910
909
907
905
895
888
886
883
876
875
868
868
861
860
857
855
846
824
823
806
803
794
794
781
780
778
777
776
774
770
759
755
750
742
742
739
737
731
721
716
712
712
706
705
703
697
694
693
690
689
686
684
684
679
676
676
675
658
648
643
640
626
613
607
587
579
552
550
550
547
540
537
536
533
528
526
517
514
514
506
500
499
499
493
488
482
481
473
441
441
440
438
435
434
434
425
425
425
408
407
406
402
400
399
396
395
389
389
377
374
374
372
370
364
350
343
342
341
331
331
329
327
320
318
316
316
315
313
313
306
305
304
302
299
298
291
290
283
278
277
266
258
256
254
243
240
235
225
222
219
214
208
208
207
204
197
187
183
181
178
175
174
173
173
171
168
164
162
160
152
150
149
140
137
136
134
133
130
129
127
127
124
123
119
117
117
114
108
106
105
102
101
99
96
92
88
88
88
87
81
72
68
67
61
60
60
56
53
52
51
51
49
49
48
47
46
46
43
40
40
33
32
32
31
30
29
27
27
27
27
27
25
24
24
23
22
22
21
20
20
19
16
15
14
14
14
13
13
13
13
11
11
11
11
10
10
8
8
8
6
6
5
4
4
3
3
3
2
2
2
2
2
2
2
1
1
1
1
1
1
1
1
