677857
551512
532386
497372
461663
422300
380478
374526
360338
354586
310621
295033
291043
289422
284051
283150
281226
280763
279906
279490
277066
274608
273040
272297
265932
262391
258671
251740
250357
249007
244943
244441
241292
236750
236475
234492
234109
232883
232481
230981
228826
228682
227192
226308
224302
222367
222016
220134
218460
217862
215929
215421
214785
213443
210703
210521
210467
206729
206545
206449
205060
204880
204768
204235
200238
200111
198241
197265
196470
196462
195948
195662
192655
192489
192109
189588
189169
187920
187688
187531
187481
187161
186915
186312
185447
185010
183326
182871
181907
181775
181378
181112
180923
179181
178153
176455
176303
175793
175058
173326
172425
171455
169618
169471
169247
169135
168594
168258
167454
167286
166215
166166
165268
164963
164181
163898
163097
162390
162117
160612
160034
159836
158792
158727
158126
157809
157364
157043
155850
155333
155240
154085
153351
153062
152922
152705
152584
151335
150486
150042
149836
149739
149336
148302
147138
146577
145920
145595
145582
144918
144825
143710
143676
143198
142893
142790
142782
142467
141848
141249
141200
140691
140198
139872
139065
138831
138671
138570
138471
138455
138040
137732
137652
137554
137478
136933
136863
136436
136098
135461
134285
134108
133170
132770
132736
132459
131785
131019
130584
130329
130223
130102
129398
129330
129292
129191
128264
127299
126599
125943
125825
125239
124440
124127
123570
122933
122832
122484
122273
121907
121008
120528
120496
120355
120180
120028
119973
119829
119734
119711
119517
119401
118917
118649
118616
118520
118196
118093
118009
117785
117280
117180
117153
117025
116853
116623
116168
115173
115173
114828
114469
114302
114107
113939
113640
113354
113303
112689
112353
112320
112311
112219
111987
111972
111822
111756
111629
110910
110798
110670
110606
110469
110401
110104
109899
109382
109373
109338
109277
109152
108932
108932
108692
108487
107648
107638
106857
106291
106094
105531
105289
105118
104900
104884
104879
104735
104685
103743
103628
103217
103170
102968
102856
102311
102172
101792
101723
101623
101555
101464
101428
101102
100852
100844
100777
100584
100573
99894
99747
99652
99517
99440
99141
98845
98824
98818
98673
98593
98403
98283
98194
97868
97864
97046
96997
96983
96631
96369
96200
95454
94949
94774
94516
94228
94224
94162
94140
93930
93782
93728
93722
93573
93538
93526
93399
93090
93074
92053
91894
91510
91385
91379
91255
91089
90769
90663
90396
90369
90221
90102
90089
89910
89776
89749
89706
89578
89578
89423
89362
89267
89232
89184
89182
88980
88875
88803
88599
88420
88279
88027
87548
87316
87192
87140
87078
87013
86941
86437
86322
85569
85556
85492
85446
85430
85392
85272
85192
85106
84830
84679
84670
84546
84509
84466
84285
84083
83821
83378
83375
83310
82906
82750
82731
82080
82055
81974
81962
81845
81682
81672
80646
80594
80467
80123
80087
80058
80006
79721
79673
79609
79546
79449
79405
79233
79181
79151
79103
79095
78984
78750
78730
78587
78516
78096
78032
77678
77615
77103
76902
76838
76734
76539
76137
75969
75849
75652
75475
75458
75434
75270
75224
74900
74830
74743
74647
74477
74359
74296
74288
74092
73905
73739
73739
73637
73621
73496
73350
73243
73240
73235
72994
72763
72742
72692
72649
72274
72179
72161
71997
71960
71837
71738
71508
71459
71438
70971
70956
70945
70919
70810
70574
70333
70311
70020
69933
69760
69363
69294
69245
69072
69021
68945
68911
68706
68649
68546
68452
68448
68445
68386
68386
68330
68277
68177
68019
67981
67535
67488
67452
67357
67005
66974
66908
66859
66830
66723
66566
66496
66444
66305
66267
66261
66204
66004
65970
65963
65933
65738
65713
65609
65540
65457
65247
65221
65205
65149
65134
65040
65025
64974
64961
64627
64483
64454
64299
64234
64093
63861
63858
63813
63712
63707
63579
63564
63456
63454
63453
63341
62686
62569
62408
62358
62170
62151
61838
61672
61671
61595
61497
61400
61332
61093
60924
60860
60789
60776
60771
60687
60675
60638
60606
60507
60393
60382
60362
60223
60140
59989
59900
59801
59723
59701
59601
59580
59577
59517
59507
59416
59365
59323
59310
59286
59265
58954
58912
58880
58838
58688
58655
58619
58611
58438
58334
58155
58085
57887
57812
57741
57674
57667
57596
57591
57578
57425
57379
57345
57341
57281
57228
57113
57040
56689
56588
56516
56289
56062
56051
55833
55741
55529
55492
55336
55316
55175
55085
55036
55016
54946
54803
54792
54759
54700
54662
54635
54598
54485
54425
54398
54343
54221
54198
54176
54086
54067
54015
53977
53829
53802
53766
53669
53573
53417
53378
53356
53207
53004
52958
52852
52822
52769
52632
52584
52572
52464
52356
52334
52195
52153
52079
52077
51867
51749
51683
51647
51470
51378
51368
51341
51232
51167
50947
50788
50746
50645
50567
50427
50391
50368
50206
50141
50128
50115
50089
49893
49879
49866
49810
49774
49768
49761
49757
49729
49683
49599
49591
49586
49433
49430
49371
49348
49321
49284
49209
49203
48986
48984
48920
48895
48873
48712
48615
48581
48573
48374
48333
48221
48190
48179
48107
48092
48044
48039
47999
47961
47908
47795
47759
47730
47639
47584
47330
47277
47268
47109
47092
47090
47076
47045
47042
47030
46989
46950
46843
46574
46572
46492
46412
46350
46347
46305
46291
46261
46245
46147
46139
46132
46094
46067
45969
45883
45876
45831
45829
45799
45759
45739
45738
45738
45667
45658
45608
45600
45562
45544
45526
45469
45462
45455
45435
45400
45390
45307
45104
45103
45100
45078
45073
44967
44910
44835
44804
44801
44779
44770
44722
44691
44665
44645
44635
44621
44543
44539
44518
44509
44460
44419
44412
44398
44385
44330
44309
44284
44262
44252
44223
44218
44147
44136
44059
43989
43982
43954
43924
43915
43906
43838
43735
43617
43571
43476
43371
43289
43244
43079
42987
42794
42767
42707
42673
42658
42609
42574
42538
42526
42525
42498
42445
42398
42232
42169
41977
41968
41535
41508
41217
41142
41141
41088
41052
40925
40904
40886
40760
40561
40472
40439
40305
40275
40180
40166
40094
40000
39969
39933
39886
39856
39788
39781
39762
39705
39667
39645
39583
39560
39532
39455
39380
39377
39328
39299
39283
39205
39021
38832
38759
38753
38682
38623
38615
38613
38611
38565
38537
38493
38483
38444
38421
38405
38331
38266
38203
38167
38159
38158
38144
38096
38036
38026
38021
37944
37943
37886
37867
37864
37827
37796
37786
37701
37659
37648
37608
37318
37309
37288
37230
37116
37061
37019
37013
37009
37006
36988
36953
36936
36903
36769
36726
36684
36596
36556
36499
36488
36463
36456
36359
36310
36290
36223
36207
36161
36158
36128
36127
36110
36107
36089
36083
36011
35992
35985
35982
35910
35904
35861
35855
35852
35849
35842
35753
35687
35665
35637
35619
35612
35478
35394
35331
35288
35199
35126
35125
35122
35096
35077
35035
34980
34974
34927
34896
34811
34614
34598
34589
34561
34555
34482
34453
34448
34393
34244
34239
34218
34168
34129
34128
34121
34112
34095
34081
34015
33977
33967
33935
33927
33913
33883
33662
33488
33473
33396
33338
33308
33181
33178
33170
33151
33125
33097
33051
33031
33020
32951
32946
32906
32858
32786
32775
32613
32594
32559
32509
32382
32364
32331
32328
32277
32242
32212
32147
32104
32092
32077
32029
31992
31967
31886
31882
31882
31780
31689
31659
31560
31556
31530
31502
31482
31452
31419
31365
31306
31290
31232
31209
31208
31143
31097
31076
31068
30994
30938
30921
30903
30715
30665
30618
30587
30568
30563
30552
30550
30524
30479
30300
30276
30261
30224
30164
30145
30135
30112
30098
30096
30060
30019
30001
29966
29941
29906
29886
29852
29827
29822
29806
29770
29731
29715
29696
29619
29579
29575
29526
29520
29497
29482
29481
29436
29393
29382
29287
29262
29256
29240
29236
29236
29225
29212
29194
29189
29161
29149
29145
29133
29101
29072
29032
29030
29018
28908
28907
28853
28766
28756
28719
28717
28680
28652
28622
28601
28570
28539
28493
28468
28415
28415
28413
28348
28345
28344
28330
28321
28280
28273
28214
28198
28169
28076
28066
28035
28023
28018
28015
27944
27891
27813
27789
27752
27748
27693
27637
27609
27458
27429
27390
27390
27354
27312
27247
27238
27233
27218
27206
27168
27114
27104
27070
27060
27041
27026
27022
26990
26921
26891
26875
26837
26811
26789
26779
26766
26763
26698
26658
26633
26594
26527
26502
26415
26408
26392
26376
26337
26301
26282
26129
26082
26046
25984
25982
25891
25871
25791
25764
25751
25706
25668
25627
25591
25511
25497
25479
25461
25453
25444
25409
25387
25378
25372
25353
25309
25294
25287
25214
25201
25196
25184
25160
25156
25144
25110
25077
25071
25030
25014
25002
25000
24998
24953
24952
24935
24933
24924
24905
24899
24894
24836
24825
24815
24809
24794
24793
24793
24768
24764
24710
24694
24667
24663
24640
24627
24626
24541
24527
24506
24472
24367
24339
24333
24322
24283
24277
24267
24242
24211
24209
24167
24117
24072
24052
24042
24017
23976
23968
23951
23948
23906
23882
23878
23750
23729
23662
23634
23623
23593
23581
23575
23569
23565
23430
23418
23387
23364
23312
23300
23273
23255
23199
23198
23197
23195
23190
23163
23112
23074
23073
23059
23052
23047
23026
23024
22990
22987
22963
22921
22895
22824
22794
22756
22754
22722
22711
22684
22646
22646
22639
22632
22595
22585
22573
22565
22547
22519
22509
22490
22488
22484
22449
22411
22401
22369
22367
22361
22360
22350
22302
22297
22285
22284
22274
22273
22270
22242
22216
22184
22167
22135
22123
22106
22077
22064
22053
22048
22003
21996
21980
21973
21970
21960
21915
21901
21876
21847
21824
21799
21782
21773
21772
21766
21759
21749
21719
21716
21687
21679
21654
21638
21636
21621
21595
21593
21571
21551
21551
21547
21510
21508
21493
21485
21456
21439
21404
21396
21392
21389
21384
21326
21304
21276
21240
21201
21178
21147
21136
21116
21106
21032
20961
20960
20935
20922
20865
20847
20816
20736
20721
20697
20684
20680
20609
20576
20482
20461
20451
20422
20414
20411
20405
20398
20360
20358
20357
20327
20312
20249
20217
20200
20199
20172
20116
20084
20034
20019
20011
19999
19990
19892
19892
19870
19868
19826
19763
19747
19635
19629
19627
19623
19619
19582
19538
19538
19408
19399
19389
19371
19371
19369
19369
19339
19312
19303
19303
19293
19272
19248
19218
19157
19133
18998
18966
18935
18935
18894
18842
18805
18805
18791
18791
18759
18738
18737
18722
18699
18649
18627
18626
18570
18551
18548
18534
18518
18486
18476
18468
18456
18443
18438
18428
18420
18405
18399
18379
18362
18354
18348
18346
18334
18334
18331
18313
18287
18283
18282
18259
18252
18245
18245
18235
18233
18220
18213
18199
18197
18183
18180
18170
18168
18161
18152
18136
18127
18117
18115
18108
18093
18093
18085
18068
18065
18018
18001
17998
17989
17987
17982
17979
17967
17964
17956
17955
17922
17912
17908
17902
17898
17892
17882
17880
17872
17871
17863
17862
17855
17855
17850
17846
17835
17834
17832
17807
17794
17793
17787
17783
17776
17746
17734
17715
17683
17673
17671
17657
17649
17649
17647
17643
17636
17635
17623
17622
17609
17603
17597
17583
17563
17552
17547
17547
17544
17520
17505
17473
17460
17449
17446
17435
17418
17404
17401
17344
17339
17333
17330
17308
17306
17301
17287
17271
17270
17268
17267
17265
17233
17225
17215
17189
17169
17161
17150
17140
17139
17133
17132
17128
17094
17093
17081
17079
17060
17051
17044
17027
17014
16979
16973
16970
16944
16942
16924
16896
16893
16885
16884
16882
16876
16875
16874
16872
16865
16860
16858
16856
16854
16853
16845
16839
16812
16777
16776
16773
16766
16751
16733
16718
16717
16713
16699
16673
16660
16645
16628
16622
16616
16605
16602
16601
16521
16496
16489
16487
16478
16462
16454
16425
16425
16403
16388
16358
16347
16318
16313
16303
16298
16273
16270
16260
16260
16259
16233
16227
16225
16210
16208
16203
16187
16173
16172
16154
16152
16150
16134
16113
16110
16096
16067
16042
16033
16032
16029
16016
16013
16012
16010
16006
16001
15988
15983
15971
15971
15969
15965
15964
15957
15948
15936
15914
15912
15905
15900
15869
15868
15858
15852
15842
15832
15815
15794
15791
15782
15778
15737
15732
15729
15707
15705
15688
15656
15642
15619
15617
15608
15596
15592
15575
15564
15562
15558
15544
15542
15519
15519
15514
15499
15493
15492
15486
15485
15483
15472
15454
15433
15429
15423
15390
15387
15376
15345
15342
15323
15289
15289
15288
15261
15243
15235
15207
15188
15180
15176
15171
15150
15143
15142
15141
15135
15123
15112
15109
15107
15080
15077
15019
15015
15012
15008
14967
14941
14935
14925
14923
14919
14917
14916
14907
14895
14895
14885
14882
14876
14868
14863
14853
14853
14849
14845
14813
14783
14770
14759
14743
14743
14742
14721
14706
14704
14695
14680
14678
14671
14622
14614
14596
14589
14576
14564
14541
14541
14536
14531
14529
14528
14517
14516
14497
14493
14479
14477
14456
14454
14448
14447
14412
14407
14404
14401
14400
14390
14381
14375
14359
14353
14341
14340
14335
14326
14323
14315
14311
14310
14310
14300
14294
14291
14286
14270
14269
14266
14262
14257
14253
14244
14238
14232
14216
14208
14206
14205
14192
14192
14190
14177
14167
14167
14140
14137
14135
14127
14118
14114
14102
14101
14100
14085
14081
14069
14067
14065
14059
14041
14033
14025
14015
14015
14011
13997
13995
13992
13988
13976
13976
13968
13965
13953
13928
13915
13914
13894
13891
13876
13854
13848
13814
13808
13766
13755
13749
13748
13744
13742
13737
13730
13725
13721
13714
13705
13683
13674
13670
13659
13640
13639
13618
13580
13580
13571
13556
13549
13545
13541
13532
13528
13526
13504
13501
13491
13489
13487
13476
13465
13464
13456
13452
13449
13444
13424
13418
13416
13413
13412
13406
13398
13397
13369
13344
13339
13336
13322
13320
13316
13314
13298
13287
13282
13276
13269
13240
13187
13186
13165
13130
13124
13121
13105
13082
13075
13073
13057
13051
13017
13011
13006
13003
13002
12984
12980
12975
12949
12911
12861
12860
12839
12836
12824
12820
12759
12750
12726
12680
12675
12674
12673
12668
12656
12643
12635
12619
12615
12612
12609
12569
12548
12546
12537
12533
12520
12518
12513
12510
12508
12507
12502
12501
12500
12485
12483
12459
12457
12457
12453
12453
12450
12443
12432
12419
12418
12417
12412
12389
12384
12377
12373
12369
12368
12366
12355
12338
12323
12322
12320
12317
12306
12303
12303
12303
12300
12295
12293
12290
12288
12286
12282
12262
12256
12242
12231
12225
12218
12210
12197
12190
12184
12181
12168
12163
12159
12156
12148
12142
12117
12112
12110
12109
12092
12070
12067
12060
12046
12043
12020
12020
12016
12011
12006
12005
12005
11985
11967
11961
11947
11932
11928
11924
11893
11891
11879
11866
11857
11847
11846
11838
11838
11837
11837
11834
11834
11816
11815
11808
11786
11775
11770
11765
11761
11755
11749
11734
11720
11715
11704
11692
11682
11681
11678
11662
11654
11653
11638
11630
11620
11619
11615
11614
11606
11584
11570
11556
11555
11548
11546
11515
11508
11504
11503
11501
11495
11492
11481
11480
11471
11467
11460
11459
11445
11443
11435
11421
11396
11387
11386
11380
11358
11340
11326
11325
11319
11319
11308
11302
11298
11291
11289
11288
11285
11279
11276
11273
11265
11264
11257
11255
11252
11250
11235
11211
11200
11189
11188
11177
11175
11167
11156
11155
11154
11140
11131
11124
11114
11114
11112
11103
11102
11100
11080
11075
11071
11058
11036
11035
11021
11010
11010
11001
10998
10993
10991
10990
10985
10978
10961
10958
10950
10949
10949
10949
10941
10941
10930
10913
10907
10906
10893
10892
10888
10875
10873
10867
10860
10858
10850
10848
10848
10843
10838
10833
10831
10827
10818
10814
10810
10802
10799
10788
10787
10786
10772
10747
10738
10725
10723
10716
10709
10703
10701
10700
10691
10691
10670
10656
10636
10632
10628
10626
10621
10617
10616
10603
10596
10591
10588
10582
10582
10568
10568
10566
10565
10558
10550
10537
10535
10523
10521
10509
10507
10498
10493
10493
10472
10466
10449
10449
10437
10425
10409
10402
10400
10377
10376
10338
10329
10323
10322
10321
10319
10316
10315
10313
10310
10301
10295
10293
10291
10287
10281
10273
10270
10261
10249
10242
10242
10239
10228
10208
10199
10180
10179
10175
10174
10167
10162
10158
10157
10154
10147
10143
10140
10137
10123
10116
10111
10109
10100
10097
10087
10082
10059
10036
10027
9997
9992
9978
9972
9965
9960
9955
9952
9948
9948
9936
9931
9915
9908
9901
9883
9871
9845
9841
9839
9829
9810
9809
9801
9753
9731
9727
9723
9712
9702
9688
9675
9659
9647
9638
9614
9607
9600
9599
9585
9584
9581
9567
9559
9555
9550
9544
9538
9533
9519
9513
9512
9510
9510
9510
9503
9503
9498
9491
9480
9465
9464
9463
9456
9451
9429
9423
9415
9412
9412
9408
9406
9400
9397
9396
9396
9394
9391
9391
9388
9385
9382
9382
9365
9361
9358
9349
9343
9336
9333
9332
9326
9324
9314
9310
9304
9303
9295
9295
9276
9274
9272
9268
9259
9257
9255
9253
9229
9220
9214
9212
9201
9184
9179
9175
9171
9171
9170
9165
9160
9157
9155
9147
9131
9130
9124
9104
9102
9098
9081
9078
9078
9075
9071
9071
9071
9068
9064
9061
9044
9038
9036
9031
9030
9029
9024
9016
9005
8985
8972
8958
8951
8944
8943
8940
8934
8930
8920
8906
8899
8888
8888
8886
8878
8869
8842
8842
8823
8820
8816
8803
8790
8781
8775
8775
8765
8764
8741
8737
8733
8731
8722
8716
8713
8699
8688
8688
8687
8686
8685
8682
8679
8675
8668
8661
8656
8651
8651
8647
8645
8636
8627
8623
8614
8614
8602
8599
8589
8581
8572
8561
8551
8532
8525
8522
8520
8518
8516
8501
8489
8488
8483
8472
8465
8462
8460
8451
8437
8431
8427
8422
8417
8415
8410
8403
8399
8391
8391
8389
8369
8361
8358
8357
8357
8355
8354
8353
8331
8331
8327
8320
8319
8316
8313
8309
8307
8300
8294
8292
8291
8290
8287
8278
8276
8276
8267
8265
8265
8264
8257
8254
8248
8245
8244
8244
8240
8239
8238
8238
8238
8237
8232
8225
8222
8217
8206
8204
8202
8198
8195
8192
8188
8182
8182
8177
8176
8173
8172
8171
8170
8161
8157
8155
8152
8146
8145
8143
8130
8127
8126
8099
8094
8092
8090
8088
8084
8068
8066
8065
8059
8057
8056
8056
8055
8053
8051
8048
8042
8040
8038
8034
8030
8027
8026
8021
8017
8009
7998
7996
7989
7974
7973
7970
7968
7958
7958
7953
7952
7947
7945
7930
7920
7919
7912
7902
7898
7884
7880
7877
7869
7866
7866
7855
7850
7848
7838
7838
7825
7822
7820
7818
7816
7814
7810
7797
7797
7793
7787
7785
7782
7780
7779
7775
7772
7772
7766
7757
7755
7744
7743
7740
7733
7728
7727
7727
7727
7723
7720
7713
7709
7697
7690
7687
7675
7671
7662
7657
7656
7649
7647
7647
7645
7644
7636
7635
7633
7626
7625
7623
7621
7612
7612
7610
7608
7599
7596
7596
7591
7591
7588
7584
7582
7577
7575
7560
7549
7542
7537
7533
7533
7518
7518
7517
7516
7512
7500
7490
7490
7489
7487
7486
7475
7463
7456
7451
7447
7444
7440
7439
7435
7434
7431
7430
7430
7428
7419
7418
7418
7418
7411
7409
7406
7394
7391
7381
7380
7375
7371
7370
7370
7362
7355
7353
7351
7344
7339
7337
7336
7332
7325
7325
7323
7317
7316
7315
7310
7309
7296
7295
7291
7287
7284
7281
7280
7278
7274
7271
7270
7265
7264
7259
7245
7242
7241
7236
7236
7230
7230
7228
7227
7224
7220
7213
7206
7204
7203
7203
7194
7185
7183
7183
7180
7177
7173
7167
7166
7165
7162
7158
7156
7153
7151
7148
7147
7144
7138
7137
7135
7135
7131
7130
7128
7120
7118
7113
7110
7108
7102
7101
7099
7093
7092
7088
7081
7077
7057
7053
7052
7050
7040
7037
7030
7028
7027
7022
7021
7018
7017
7013
7010
7009
6989
6984
6983
6980
6979
6978
6970
6970
6966
6965
6961
6957
6955
6955
6949
6947
6944
6941
6930
6911
6899
6881
6876
6875
6872
6868
6868
6866
6853
6853
6852
6845
6840
6833
6828
6827
6827
6824
6823
6817
6815
6812
6811
6799
6798
6787
6782
6779
6769
6761
6759
6756
6756
6753
6753
6747
6747
6737
6727
6722
6718
6717
6716
6713
6713
6705
6704
6698
6698
6695
6693
6685
6681
6680
6678
6677
6670
6669
6662
6659
6658
6652
6648
6643
6641
6639
6638
6628
6627
6626
6617
6616
6613
6611
6598
6587
6582
6575
6561
6552
6552
6551
6550
6536
6535
6533
6532
6526
6526
6519
6513
6506
6500
6500
6498
6496
6495
6481
6480
6472
6466
6464
6459
6449
6448
6446
6446
6442
6427
6425
6423
6423
6414
6414
6414
6412
6411
6411
6411
6410
6409
6405
6403
6403
6397
6394
6392
6390
6389
6388
6379
6379
6369
6368
6365
6363
6363
6362
6360
6359
6359
6355
6353
6353
6345
6344
6343
6327
6305
6304
6304
6303
6302
6300
6295
6290
6288
6286
6275
6270
6270
6269
6266
6263
6261
6258
6254
6246
6244
6243
6242
6239
6236
6236
6234
6218
6215
6215
6212
6212
6212
6207
6206
6197
6193
6188
6179
6177
6173
6172
6153
6146
6138
6129
6124
6122
6116
6112
6110
6109
6094
6088
6076
6068
6067
6059
6055
6046
6045
6045
6045
6045
6043
6020
6014
6008
6008
5994
5983
5980
5978
5972
5971
5967
5966
5962
5954
5948
5945
5940
5920
5919
5917
5914
5890
5885
5881
5876
5875
5873
5859
5856
5854
5845
5838
5837
5834
5832
5830
5827
5824
5819
5818
5807
5802
5799
5797
5795
5794
5783
5781
5766
5766
5765
5762
5760
5759
5758
5756
5752
5749
5739
5737
5731
5730
5729
5728
5714
5710
5708
5707
5702
5694
5689
5684
5683
5680
5679
5671
5663
5656
5648
5619
5610
5607
5602
5590
5587
5586
5586
5583
5580
5578
5575
5571
5559
5550
5550
5539
5534
5531
5528
5523
5523
5515
5514
5500
5491
5486
5481
5476
5475
5474
5473
5469
5468
5464
5464
5463
5459
5458
5451
5449
5430
5429
5417
5414
5409
5409
5405
5405
5405
5404
5389
5383
5375
5369
5361
5357
5353
5352
5334
5333
5331
5314
5305
5295
5292
5277
5272
5265
5261
5251
5242
5241
5236
5225
5221
5217
5209
5198
5198
5197
5194
5168
5158
5155
5152
5144
5132
5123
5115
5113
5098
5087
5066
5065
5064
5062
5048
5044
5038
5036
5036
5030
5022
5020
5015
5015
5014
5008
5001
5001
4993
4980
4979
4978
4977
4974
4973
4971
4970
4963
4962
4958
4955
4954
4947
4944
4940
4936
4924
4921
4903
4887
4877
4877
4874
4873
4870
4855
4854
4840
4838
4823
4805
4797
4788
4785
4784
4770
4767
4761
4746
4740
4740
4730
4692
4686
4640
4614
4612
4606
4591
4576
4569
4555
4552
4549
4541
4518
4513
4512
4481
4477
4464
4458
4454
4454
4448
4448
4446
4437
4421
4419
4416
4412
4398
4386
4380
4380
4377
4356
4348
4337
4318
4314
4309
4304
4303
4295
4282
4278
4273
4272
4257
4256
4254
4251
4247
4242
4231
4230
4225
4221
4185
4178
4174
4174
4155
4136
4130
4127
4103
4100
4094
4087
4074
4068
4054
4053
4044
4037
4027
3993
3987
3975
3952
3937
3923
3904
3900
3891
3878
3872
3869
3857
3846
3842
3828
3822
3806
3797
3793
3785
3770
3770
3768
3760
3758
3755
3745
3731
3722
3718
3711
3707
3706
3693
3687
3685
3685
3674
3671
3661
3654
3644
3640
3625
3624
3624
3621
3618
3600
3597
3592
3591
3588
3588
3587
3586
3584
3583
3582
3575
3572
3560
3553
3543
3542
3541
3537
3537
3537
3528
3505
3458
3446
3431
3429
3413
3404
3398
3381
3355
3350
3347
3321
3321
3317
3310
3282
3280
3273
3232
3216
3205
3197
3190
3165
3160
3148
3092
3087
3080
3067
3033
3017
3013
2978
2971
2956
2953
2950
2927
2925
2923
2915
2906
2867
2865
2832
2756
2676
2655
2630
2619
2603
2589
2584
2582
2564
2522
2507
2491
2486
2486
2482
2465
2460
2443
2435
2434
2433
2284
2273
2269
2253
2234
2197
2184
2155
2109
2077
1949
1943
1911
1851
1782
1777
1716
1716
1629
1575
1525
1501
1497
1491
1375
1372
1349
1274
1269
1244
1225
1210
1194
1170
1166
1088
1058
1033
1016
1010
955
769
733
693
633
595
558
528
516
498
415
311
263
