1419933
1413199
1410256
1409970
1408612
1408460
1406988
1406960
1406833
1405987
1405118
1404641
1404319
1403519
1403376
1402502
1401595
1401479
1400215
1399194
1398230
1397338
1397124
1392312
1390374
1387975
1385173
1384663
1375823
1272158
1249324
831282
197987
197295
196869
196224
195186
194860
194710
194098
194049
193976
193634
193370
193356
192692
192572
192540
192521
192343
192170
192045
191969
191946
191938
191800
191546
191395
191277
191062
190962
190933
190893
190837
190591
190572
190545
190321
190299
190240
189975
189748
189719
189666
189590
189441
189432
189399
189129
189123
188899
188628
188404
188342
188118
188048
188027
187858
187846
187804
187528
187504
187423
186851
186799
186788
186631
186533
186423
186058
185734
185499
185472
185398
185131
185031
185006
184678
184654
184522
184498
184414
184407
184272
183814
183606
183583
183508
183273
183218
183029
182682
182441
182421
182342
182217
182202
182132
181896
181871
181839
181351
146731
146655
145307
144021
143939
143777
143472
143385
143382
143379
143122
142543
142346
142236
142170
142072
142054
141963
141942
141850
141767
141545
141378
141196
141163
141137
141073
140989
140939
140913
140858
140853
140804
140718
140706
140702
140661
140650
140567
140550
140521
140440
140413
140389
140340
140330
140112
139896
139860
139687
139677
139640
139545
139478
139471
139451
139415
139411
139406
139403
139370
139315
139219
139216
139135
139112
139078
138962
138942
138933
138844
138787
138784
138763
138749
138715
138692
138581
138579
138489
138336
138193
137997
137984
137915
137907
137872
137808
137785
137747
137624
137550
137529
137475
137460
137426
137299
137277
137274
137027
136995
136779
136472
136466
136352
136135
135958
135929
135900
135834
135678
135164
135123
135083
134985
134978
134973
134857
134740
134709
134542
134331
134106
134098
133596
133222
133116
133041
133017
132681
132308
131415
131277
130013
129944
125531
47934
47791
47744
47699
47687
47677
47674
47662
47636
47630
47605
47599
47594
47587
47569
47568
47567
47558
47556
47552
47549
47537
47519
47512
47497
47481
47478
47473
47461
47457
47434
47432
47420
47412
47396
47395
47395
47393
47392
47388
47386
47381
47379
47373
47364
47356
47352
47337
47333
47326
47319
47318
47307
47301
47296
47291
47285
47282
47277
47275
47265
47265
47260
47254
47254
47253
47246
47221
47218
47213
47208
47191
47190
47163
47121
47121
47101
47092
47088
47082
47080
47051
47047
47031
46976
46876
46582
46556
46505
46455
46373
46368
46347
46324
46308
46261
46254
46246
46242
46233
46220
46216
46211
46203
46183
46166
46165
46159
46156
46155
46153
46151
46149
46147
46147
46146
46137
46134
46130
46130
46115
46113
46105
46095
46090
46087
46085
46082
46079
46079
46071
46071
46070
46070
46065
46063
46061
46059
46055
46055
46055
46054
46051
46048
46044
46044
46044
46041
46040
46039
46036
46036
46032
46030
46030
46023
46023
46022
46021
46020
46020
46017
46011
46011
46010
46008
46008
46004
45999
45999
45997
45991
45979
45979
45976
45974
45973
45972
45971
45971
45966
45962
45961
45960
45958
45955
45953
45952
45943
45941
45940
45939
45930
45926
45925
45922
45920
45916
45915
45912
45908
45908
45906
45906
45903
45900
45900
45899
45894
45888
45883
45879
45872
45872
45870
45867
45862
45861
45860
45860
45858
45853
45853
45851
45847
45843
45842
45839
45835
45832
45828
45826
45823
45821
45820
45817
45814
45813
45802
45789
45785
45785
45783
45782
45781
45781
45773
45769
45768
45768
45767
45765
45764
45760
45760
45758
45753
45746
45744
45743
45741
45736
45731
45731
45726
45724
45724
45716
45711
45707
45704
45699
45692
45692
45689
45684
45676
45672
45670
45669
45668
45667
45663
45661
45654
45653
45650
45646
45646
45645
45634
45620
45614
45587
45579
45575
45571
45568
45560
45556
45553
45545
45529
45492
45488
45360
45356
44958
44928
44912
44906
44841
44795
44792
44786
44785
44781
44781
44765
44763
44757
44755
44755
44747
44718
44718
44718
44715
44711
44709
44706
44703
44693
44690
44683
44674
44674
44667
44666
44666
44665
44665
44664
44663
44658
44657
44647
44646
44645
44645
44642
44640
44627
44627
44626
44623
44613
44607
44604
44600
44593
44585
44581
44578
44577
44576
44575
44571
44571
44570
44569
44567
44564
44562
44557
44556
44553
44552
44551
44551
44548
44545
44544
44531
44528
44528
44527
44527
44525
44524
44523
44521
44519
44519
44512
44509
44509
44509
44506
44505
44504
44500
44498
44497
44496
44496
44489
44489
44485
44485
44484
44483
44482
44481
44478
44478
44476
44475
44474
44472
44469
44469
44467
44461
44461
44459
44459
44458
44456
44454
44452
44450
44450
44447
44445
44437
44436
44431
44429
44428
44428
44428
44427
44427
44426
44426
44424
44423
44423
44422
44422
44421
44419
44419
44416
44413
44413
44412
44410
44409
44408
44406
44403
44402
44397
44396
44393
44393
44393
44384
44384
44382
44381
44381
44379
44379
44377
44377
44372
44370
44369
44364
44362
44361
44360
44359
44356
44354
44354
44354
44353
44352
44352
44349
44345
44345
44344
44340
44339
44336
44335
44335
44334
44332
44330
44328
44325
44325
44324
44323
44321
44317
44317
44313
44313
44310
44310
44309
44307
44306
44306
44306
44301
44301
44300
44299
44299
44299
44296
44295
44294
44286
44286
44282
44279
44276
44276
44272
44272
44270
44268
44264
44264
44258
44255
44254
44253
44252
44249
44246
44246
44239
44222
44218
44217
44212
44211
44198
44193
44192
44191
44188
44188
44187
44185
44184
44179
44179
44170
44168
44162
44162
44161
44155
44153
44133
44131
44130
44123
44113
44112
44111
44108
44106
44106
44103
44096
44089
44076
44073
44060
44053
44046
44025
44003
43978
43949
43879
43835
43534
43496
43436
43394
43393
43363
43344
43319
43315
43301
43300
43284
43284
43283
43269
43250
43249
43245
43240
43199
43189
43187
43182
43182
43173
43173
43163
43153
43151
43149
43144
43142
43141
43139
43136
43132
43128
43126
43115
43108
43106
43101
43098
43098
43094
43093
43093
43086
43084
43084
43083
43078
43072
43070
43070
43065
43062
43058
43056
43054
43051
43045
43043
43039
43037
43036
43034
43033
43031
43029
43027
43025
43021
43019
43018
43018
43012
43012
43011
43011
43010
43004
43002
43001
43000
43000
42992
42992
42990
42989
42988
42985
42984
42981
42981
42980
42980
42979
42969
42968
42968
42967
42966
42963
42962
42958
42953
42952
42952
42947
42945
42940
42938
42938
42937
42934
42933
42931
42930
42929
42927
42923
42920
42919
42917
42916
42913
42912
42910
42909
42906
42906
42905
42903
42902
42901
42898
42892
42889
42884
42883
42879
42879
42879
42878
42874
42869
42864
42854
42846
42842
42837
42836
42831
42830
42827
42824
42823
42822
42817
42809
42800
42797
42783
42775
42768
42767
42767
42762
42757
42743
42742
42731
42731
42727
42720
42713
42706
42704
42696
42692
42683
42676
42672
42671
42668
42661
42658
42656
42655
42654
42641
42635
42630
42621
42613
42601
42589
42580
42576
42565
42555
42542
42536
42528
42467
42396
42303
41947
41927
41907
41868
41789
41787
41780
41774
41768
41757
41753
41734
41722
41721
41718
41697
41691
41686
41685
41683
41682
41677
41671
41670
41643
41642
41641
41632
41630
41628
41623
41622
41616
41615
41613
41607
41604
41594
41585
41581
41581
41577
41575
41567
41562
41560
41559
41553
41552
41548
41547
41543
41534
41534
41533
41523
41507
41499
41485
41485
41482
41481
41480
41477
41476
41474
41473
41472
41471
41469
41468
41466
41464
41455
41448
41446
41436
41434
41433
41430
41429
41428
41420
41412
41411
41385
41380
41379
41376
41376
41373
41369
41366
41365
41357
41354
41352
41343
41342
41337
41325
41308
41307
41304
41301
41288
41284
41280
41279
41263
41254
41231
41226
41219
41199
41195
41194
41187
41171
41125
41124
41100
41084
41061
41036
40361
40349
40286
40273
40231
40212
40185
40166
40164
40123
40111
40102
40051
40028
40024
40012
39996
39990
39979
39977
39977
39977
39968
39952
39946
39942
39941
39924
39913
39906
39892
39889
39886
39886
39878
39878
39871
39852
39841
39793
39780
39672
39640
39635
39614
39575
38828
38779
38708
38676
38660
38653
38612
38589
38564
38511
38498
38454
38411
38403
38132
38093
37259
37069
37061
36883
35626
35610
14681
2949
1617
1616
1610
1607
1605
1605
1602
1600
1598
1598
1596
1595
1594
1594
1593
1592
1590
1589
1589
1584
1584
1583
1583
1582
1581
1579
1579
1579
1579
1578
1577
1577
1577
1577
1577
1574
1573
1572
1572
1572
1571
1571
1570
1569
1569
1569
1569
1569
1569
1568
1568
1568
1567
1567
1567
1566
1566
1566
1565
1565
1565
1565
1565
1565
1564
1564
1564
1563
1563
1563
1563
1563
1562
1562
1562
1562
1562
1562
1561
1561
1561
1561
1560
1560
1560
1560
1560
1560
1560
1560
1560
1560
1559
1559
1559
1559
1559
1559
1559
1559
1559
1558
1558
1558
1558
1558
1558
1558
1558
1557
1557
1557
1557
1557
1557
1557
1557
1557
1556
1556
1556
1556
1556
1556
1556
1556
1555
1555
1555
1555
1555
1555
1555
1555
1555
1555
1555
1554
1554
1554
1554
1554
1554
1554
1553
1553
1553
1553
1552
1552
1552
1552
1551
1551
1551
1551
1551
1551
1551
1550
1550
1550
1550
1550
1549
1549
1549
1549
1549
1548
1548
1548
1548
1548
1547
1547
1547
1547
1547
1547
1547
1547
1547
1546
1546
1546
1546
1546
1546
1546
1546
1546
1546
1546
1546
1546
1546
1546
1545
1545
1545
1545
1545
1545
1545
1545
1545
1545
1545
1545
1545
1545
1545
1545
1545
1544
1544
1544
1544
1544
1544
1544
1544
1544
1544
1543
1543
1543
1543
1543
1543
1543
1543
1543
1543
1542
1542
1542
1542
1542
1542
1542
1542
1541
1541
1541
1541
1541
1541
1541
1541
1541
1541
1541
1541
1541
1541
1541
1540
1540
1540
1540
1540
1540
1540
1540
1539
1539
1539
1539
1539
1539
1539
1539
1538
1538
1538
1538
1538
1538
1538
1538
1538
1538
1538
1537
1537
1537
1537
1537
1537
1537
1537
1537
1537
1537
1537
1537
1537
1536
1536
1536
1536
1536
1536
1536
1536
1536
1536
1536
1536
1536
1536
1536
1536
1536
1536
1536
1536
1535
1535
1535
1535
1535
1535
1535
1535
1535
1535
1534
1534
1534
1534
1534
1534
1534
1534
1534
1534
1534
1534
1534
1534
1534
1534
1534
1533
1533
1533
1533
1533
1533
1533
1533
1533
1533
1532
1532
1532
1532
1532
1532
1532
1532
1532
1532
1532
1532
1531
1531
1531
1531
1531
1531
1531
1531
1531
1531
1531
1530
1530
1530
1530
1530
1530
1530
1530
1530
1530
1530
1530
1530
1530
1530
1530
1530
1530
1530
1530
1529
1529
1529
1529
1529
1529
1529
1529
1529
1529
1529
1529
1529
1529
1529
1529
1529
1529
1528
1528
1528
1528
1528
1528
1528
1528
1528
1528
1528
1528
1528
1528
1528
1528
1528
1527
1527
1527
1527
1527
1527
1527
1527
1527
1527
1527
1527
1527
1527
1527
1527
1527
1527
1526
1526
1526
1526
1526
1526
1526
1526
1526
1526
1526
1526
1526
1526
1526
1526
1526
1525
1525
1525
1525
1525
1525
1525
1525
1525
1525
1525
1525
1525
1525
1525
1525
1525
1525
1525
1525
1525
1525
1525
1525
1525
1524
1524
1524
1524
1524
1524
1524
1524
1524
1524
1524
1523
1523
1523
1523
1523
1523
1523
1523
1523
1523
1523
1523
1523
1522
1522
1522
1522
1522
1522
1522
1522
1522
1522
1522
1522
1522
1522
1522
1522
1522
1522
1522
1522
1522
1522
1522
1522
1522
1522
1522
1522
1522
1522
1522
1522
1522
1522
1522
1521
1521
1521
1521
1521
1521
1521
1521
1521
1521
1521
1521
1521
1521
1521
1521
1521
1521
1521
1521
1521
1520
1520
1520
1520
1520
1520
1520
1520
1520
1520
1520
1520
1520
1520
1520
1519
1519
1519
1519
1519
1519
1519
1519
1519
1519
1519
1519
1519
1519
1519
1519
1519
1519
1519
1519
1519
1519
1519
1519
1519
1519
1519
1519
1519
1519
1519
1519
1518
1518
1518
1518
1518
1518
1518
1518
1518
1518
1518
1518
1518
1518
1518
1518
1518
1518
1518
1518
1518
1518
1518
1518
1518
1518
1518
1518
1518
1517
1517
1517
1517
1517
1517
1517
1517
1517
1517
1517
1517
1517
1517
1517
1517
1517
1517
1517
1517
1517
1517
1517
1517
1516
1516
1516
1516
1516
1516
1516
1516
1516
1516
1516
1516
1516
1516
1516
1516
1516
1516
1516
1516
1516
1515
1515
1515
1515
1515
1515
1515
1515
1515
1515
1515
1515
1515
1515
1515
1515
1515
1515
1515
1515
1514
1514
1514
1514
1514
1514
1514
1514
1514
1514
1514
1514
1514
1514
1514
1514
1514
1514
1514
1514
1514
1513
1513
1513
1513
1513
1513
1513
1513
1513
1513
1513
1513
1513
1513
1513
1513
1513
1513
1513
1513
1513
1513
1513
1513
1512
1512
1512
1512
1512
1512
1512
1512
1512
1512
1512
1512
1512
1512
1512
1512
1512
1512
1512
1512
1512
1512
1512
1512
1511
1511
1511
1511
1511
1511
1511
1511
1511
1511
1511
1511
1511
1511
1511
1511
1511
1511
1511
1511
1511
1511
1511
1511
1511
1511
1511
1510
1510
1510
1510
1510
1510
1510
1510
1510
1510
1510
1510
1510
1510
1510
1510
1510
1510
1510
1510
1510
1510
1510
1510
1510
1510
1510
1510
1510
1510
1510
1510
1510
1509
1509
1509
1509
1509
1509
1509
1509
1509
1509
1509
1509
1509
1509
1509
1509
1509
1509
1509
1509
1509
1509
1509
1508
1508
1508
1508
1508
1508
1508
1508
1508
1508
1508
1508
1508
1508
1508
1508
1508
1508
1508
1508
1508
1508
1508
1508
1508
1507
1507
1507
1507
1507
1507
1507
1507
1507
1507
1507
1507
1507
1507
1507
1507
1507
1507
1507
1507
1507
1507
1507
1507
1507
1507
1507
1507
1507
1506
1506
1506
1506
1506
1506
1506
1506
1506
1506
1506
1506
1506
1506
1506
1506
1506
1506
1506
1506
1506
1506
1506
1506
1506
1506
1506
1506
1505
1505
1505
1505
1505
1505
1505
1505
1505
1505
1505
1505
1505
1504
1504
1504
1504
1504
1504
1504
1504
1504
1504
1504
1504
1504
1504
1504
1504
1504
1504
1504
1504
1504
1504
1504
1504
1504
1504
1504
1504
1504
1504
1503
1503
1503
1503
1503
1503
1503
1503
1503
1503
1503
1503
1503
1503
1503
1503
1503
1503
1503
1503
1503
1503
1503
1503
1502
1502
1502
1502
1502
1502
1502
1502
1502
1502
1502
1502
1502
1502
1502
1502
1502
1502
1502
1502
1502
1502
1502
1502
1502
1502
1502
1502
1502
1502
1502
1502
1502
1501
1501
1501
1501
1501
1501
1501
1501
1501
1501
1501
1501
1501
1501
1501
1501
1501
1501
1501
1501
1501
1501
1501
1501
1501
1501
1501
1501
1500
1500
1500
1500
1500
1500
1500
1500
1500
1500
1500
1500
1500
1500
1500
1500
1500
1500
1500
1500
1500
1500
1500
1500
1500
1500
1500
1500
1500
1500
1500
1500
1500
1500
1500
1500
1500
1500
1499
1499
1499
1499
1499
1499
1499
1499
1499
1499
1499
1499
1499
1499
1499
1499
1499
1499
1499
1499
1499
1499
1499
1499
1499
1499
1499
1499
1499
1499
1499
1499
1499
1499
1499
1498
1498
1498
1498
1498
1498
1498
1498
1498
1498
1498
1498
1498
1498
1498
1498
1498
1498
1498
1498
1498
1498
1498
1498
1498
1498
1498
1498
1498
1498
1497
1497
1497
1497
1497
1497
1497
1497
1497
1497
1497
1497
1497
1497
1497
1497
1497
1497
1497
1497
1497
1497
1497
1497
1497
1497
1497
1496
1496
1496
1496
1496
1496
1496
1496
1496
1496
1496
1496
1496
1496
1496
1496
1496
1496
1496
1496
1496
1496
1496
1496
1496
1496
1495
1495
1495
1495
1495
1495
1495
1495
1495
1495
1495
1495
1495
1495
1495
1495
1495
1495
1495
1495
1495
1495
1495
1495
1495
1495
1495
1495
1495
1495
1495
1494
1494
1494
1494
1494
1494
1494
1494
1494
1494
1494
1494
1494
1494
1494
1494
1494
1494
1494
1494
1494
1494
1494
1494
1494
1494
1493
1493
1493
1493
1493
1493
1493
1493
1493
1493
1493
1493
1493
1493
1493
1493
1493
1493
1493
1493
1493
1493
1493
1493
1493
1492
1492
1492
1492
1492
1492
1492
1492
1492
1492
1492
1492
1492
1492
1492
1492
1492
1492
1492
1492
1492
1492
1492
1492
1492
1491
1491
1491
1491
1491
1491
1491
1491
1491
1491
1491
1491
1491
1491
1491
1491
1491
1491
1491
1491
1491
1491
1491
1491
1491
1491
1491
1491
1491
1491
1491
1491
1491
1490
1490
1490
1490
1490
1490
1490
1490
1490
1490
1490
1490
1490
1490
1490
1490
1490
1490
1490
1490
1490
1490
1490
1490
1490
1490
1490
1489
1489
1489
1489
1489
1489
1489
1489
1489
1489
1489
1489
1489
1489
1489
1489
1489
1489
1489
1489
1489
1489
1489
1489
1489
1489
1489
1489
1489
1489
1489
1489
1489
1489
1489
1489
1488
1488
1488
1488
1488
1488
1488
1488
1488
1488
1488
1488
1488
1488
1488
1488
1488
1488
1488
1488
1488
1488
1488
1488
1488
1488
1488
1488
1488
1488
1488
1488
1488
1488
1488
1487
1487
1487
1487
1487
1487
1487
1487
1487
1487
1487
1487
1487
1487
1487
1487
1487
1487
1487
1487
1487
1487
1487
1487
1487
1487
1487
1487
1487
1486
1486
1486
1486
1486
1486
1486
1486
1486
1486
1486
1486
1486
1486
1486
1486
1486
1486
1486
1486
1486
1486
1486
1486
1486
1486
1486
1486
1486
1485
1485
1485
1485
1485
1485
1485
1485
1485
1485
1485
1485
1485
1485
1485
1485
1485
1485
1485
1485
1485
1485
1485
1485
1485
1485
1485
1484
1484
1484
1484
1484
1484
1484
1484
1484
1484
1484
1484
1484
1484
1484
1484
1484
1484
1484
1484
1484
1484
1484
1484
1484
1484
1483
1483
1483
1483
1483
1483
1483
1483
1483
1483
1483
1483
1483
1483
1483
1483
1483
1483
1483
1483
1483
1483
1483
1483
1483
1482
1482
1482
1482
1482
1482
1482
1482
1482
1482
1482
1482
1482
1482
1482
1482
1482
1482
1482
1481
1481
1481
1481
1481
1481
1481
1481
1481
1481
1481
1481
1481
1481
1481
1481
1481
1481
1481
1481
1481
1481
1481
1481
1481
1481
1481
1480
1480
1480
1480
1480
1480
1480
1480
1480
1480
1480
1480
1480
1480
1480
1480
1480
1480
1480
1480
1480
1480
1480
1480
1480
1480
1480
1480
1480
1480
1479
1479
1479
1479
1479
1479
1479
1479
1479
1479
1479
1479
1479
1479
1479
1479
1479
1479
1479
1479
1479
1479
1479
1479
1479
1479
1479
1478
1478
1478
1478
1478
1478
1478
1478
1478
1478
1478
1478
1478
1478
1478
1478
1478
1478
1478
1478
1478
1478
1478
1478
1478
1478
1478
1477
1477
1477
1477
1477
1477
1477
1477
1477
1477
1477
1477
1477
1477
1477
1477
1477
1476
1476
1476
1476
1476
1476
1476
1476
1476
1476
1476
1476
1476
1476
1476
1476
1476
1476
1476
1476
1476
1476
1476
1476
1476
1476
1475
1475
1475
1475
1475
1475
1475
1475
1475
1475
1475
1475
1475
1475
1475
1475
1475
1475
1475
1475
1475
1475
1475
1475
1475
1475
1475
1474
1474
1474
1474
1474
1474
1474
1474
1474
1474
1474
1474
1474
1474
1474
1473
1473
1473
1473
1473
1473
1473
1473
1473
1473
1473
1473
1473
1473
1473
1473
1473
1473
1473
1473
1473
1473
1473
1473
1473
1473
1473
1473
1472
1472
1472
1472
1472
1472
1472
1472
1472
1472
1472
1472
1472
1472
1472
1472
1472
1472
1472
1472
1472
1472
1471
1471
1471
1471
1471
1471
1471
1471
1471
1471
1471
1471
1471
1471
1471
1471
1471
1471
1471
1471
1470
1470
1470
1470
1470
1470
1470
1470
1470
1470
1470
1470
1470
1470
1470
1470
1470
1470
1470
1470
1470
1469
1469
1469
1469
1469
1469
1469
1469
1469
1469
1469
1469
1469
1469
1469
1469
1469
1469
1468
1468
1468
1468
1468
1468
1468
1468
1468
1468
1468
1468
1468
1468
1468
1468
1468
1468
1468
1468
1467
1467
1467
1467
1467
1467
1467
1467
1467
1467
1467
1467
1467
1467
1467
1467
1467
1467
1466
1466
1466
1466
1466
1466
1466
1466
1466
1466
1466
1466
1466
1466
1466
1466
1466
1466
1466
1466
1466
1466
1466
1466
1466
1466
1466
1465
1465
1465
1465
1465
1465
1465
1465
1465
1465
1465
1465
1465
1465
1465
1465
1465
1465
1465
1465
1465
1465
1465
1464
1464
1464
1464
1464
1464
1464
1464
1464
1464
1464
1464
1464
1464
1464
1464
1464
1464
1463
1463
1463
1463
1463
1463
1463
1463
1463
1463
1463
1463
1463
1463
1463
1463
1463
1462
1462
1462
1462
1462
1462
1462
1462
1462
1462
1462
1462
1462
1462
1462
1462
1462
1462
1462
1462
1461
1461
1461
1461
1461
1461
1461
1461
1461
1461
1461
1461
1461
1461
1461
1461
1460
1460
1460
1460
1460
1460
1460
1460
1459
1459
1459
1459
1459
1459
1459
1459
1459
1459
1459
1459
1459
1459
1459
1459
1459
1459
1459
1459
1458
1458
1458
1458
1458
1458
1458
1458
1458
1458
1458
1458
1458
1458
1458
1457
1457
1457
1457
1457
1457
1457
1457
1457
1457
1457
1457
1457
1457
1457
1457
1457
1457
1457
1457
1456
1456
1456
1456
1456
1456
1456
1456
1456
1456
1456
1456
1456
1456
1456
1456
1456
1456
1455
1455
1455
1455
1455
1455
1455
1455
1455
1455
1455
1455
1455
1455
1455
1455
1454
1454
1454
1454
1454
1454
1454
1454
1454
1454
1454
1454
1454
1454
1454
1454
1454
1454
1454
1454
1453
1453
1453
1453
1453
1453
1453
1453
1453
1453
1453
1453
1452
1452
1452
1452
1452
1452
1452
1452
1452
1452
1452
1452
1452
1452
1452
1452
1452
1451
1451
1451
1451
1451
1451
1451
1451
1451
1451
1451
1451
1451
1451
1450
1450
1450
1450
1450
1450
1450
1450
1450
1450
1450
1450
1450
1450
1450
1450
1450
1450
1450
1449
1449
1449
1449
1449
1449
1449
1449
1449
1449
1449
1448
1448
1448
1448
1448
1448
1448
1448
1448
1448
1448
1448
1448
1448
1448
1447
1447
1447
1447
1447
1447
1447
1447
1447
1447
1447
1447
1447
1447
1447
1447
1446
1446
1446
1446
1446
1446
1446
1446
1446
1446
1446
1446
1446
1446
1446
1446
1446
1446
1446
1446
1445
1445
1445
1445
1445
1445
1445
1444
1444
1444
1444
1444
1444
1444
1444
1444
1444
1443
1443
1443
1443
1443
1443
1443
1443
1442
1442
1442
1442
1442
1442
1442
1442
1442
1442
1442
1441
1441
1441
1441
1441
1441
1441
1440
1440
1440
1440
1440
1440
1439
1439
1439
1439
1439
1439
1439
1439
1439
1439
1439
1439
1439
1438
1438
1438
1438
1438
1438
1438
1438
1438
1438
1438
1437
1437
1437
1437
1437
1437
1437
1436
1436
1436
1436
1436
1436
1436
1436
1436
1436
1436
1436
1436
1435
1435
1435
1435
1434
1434
1434
1434
1434
1434
1434
1434
1434
1434
1434
1433
1433
1433
1433
1433
1433
1433
1433
1433
1433
1432
1432
1432
1432
1432
1432
1432
1432
1431
1431
1431
1431
1431
1431
1431
1431
1430
1430
1430
1430
1430
1430
1429
1429
1428
1428
1428
1428
1428
1428
1428
1428
1427
1427
1427
1427
1427
1427
1427
1426
1426
1426
1426
1426
1426
1426
1426
1426
1425
1425
1425
1425
1425
1424
1424
1424
1423
1423
1423
1423
1423
1422
1422
1421
1421
1421
1420
1420
1420
1420
1419
1419
1419
1419
1419
1418
1417
1417
1417
1416
1416
1416
1416
1415
1415
1415
1415
1414
1414
1414
1413
1412
1412
1411
1411
1410
1410
1410
1410
1408
1408
1408
1408
1408
1407
1406
1405
1405
1403
1402
1401
1401
1395
1394
1393
1391
1389
1389
1387
1385
