870011
774795
719243
674075
673858
656970
649976
632216
619792
569592
563709
561142
557975
542268
522151
520884
501514
485419
485261
483821
481344
471409
446554
433187
431908
423355
399495
390761
386989
374214
373791
359135
351399
346282
341618
339788
328150
326159
325729
318188
309473
302677
296072
293287
291513
287977
286239
275666
274488
267628
267602
265508
261937
261471
261118
260173
259107
258227
256637
256510
252441
250145
249780
248251
247897
247725
247318
244201
239550
233734
227454
220598
217562
215635
215071
213818
213532
211490
208295
207267
204915
200778
199587
198396
197565
192123
190126
188466
188439
187090
185779
185509
182792
182440
179886
177964
177929
177461
177350
176584
176530
176320
175876
175804
173319
172927
172578
171744
170882
165322
165001
163948
162916
161125
159662
158991
157235
155653
153843
153840
152992
152956
152780
146795
145392
145050
143849
143185
142317
142057
141615
141060
139394
138833
136372
136205
136052
135834
135639
135505
132852
132454
132029
131687
129624
129015
127211
125774
124275
122439
121983
121632
120529
120122
119985
119542
119516
119022
118764
117880
117257
117181
116919
116437
116288
116145
115476
115252
114968
114665
113543
112382
112324
111825
111700
110348
109561
109302
108431
108262
108260
108249
107794
107329
107247
106821
106386
106162
105527
105266
103510
101497
101121
100948
100753
99890
99807
99513
99387
99386
95937
95762
95098
95032
94861
94524
94466
94383
93602
93571
91475
91140
90174
90139
89989
89983
89713
89236
88099
87484
87353
86870
81876
81857
81749
81690
80988
80970
80886
80584
80396
80134
79845
79814
79464
79352
79277
79118
78979
78633
78620
78487
78130
78083
77674
77219
77143
76930
76800
76795
76122
75826
75734
75669
75576
74100
74094
73890
73836
73559
72243
71414
70742
70597
69859
69697
69410
69223
69145
68776
68404
68025
67955
67711
67585
67335
67149
67088
67065
66976
66659
66616
66551
66457
66006
65917
65883
65392
64995
64965
64895
64879
64740
64547
64336
64221
62421
62355
62276
62242
62222
62187
62133
62106
62092
62067
61935
61686
61624
61620
61409
60978
60910
60862
60660
60462
60405
60348
60078
60032
59950
59668
59661
59519
59459
59453
59418
59398
59393
59392
59296
59238
59136
58753
58737
58540
58532
58355
58345
58273
58227
58165
58057
57822
57788
57638
57198
57050
57016
56925
56273
56069
55678
55670
55661
55560
55467
55370
55350
55121
55063
54865
54509
54484
54379
53923
53912
53903
53825
53817
53804
53738
53557
53122
53028
52918
52794
52696
52649
52559
52527
52491
52423
52372
52341
52339
52317
51884
51727
51615
51249
51246
51229
51153
50865
50821
50454
50452
50392
50294
50255
50084
49725
49626
49550
49314
48886
48782
48748
48584
48502
48437
48315
48260
48201
48170
48086
48032
47823
47787
47733
47577
47501
47456
47300
47194
47121
46871
46818
46814
46715
46290
46102
46071
46034
45944
45935
45884
45642
45594
45323
45295
45265
45240
45136
45085
45080
44957
44879
44863
44620
44412
44323
44243
44189
44167
44118
43921
43912
43884
43845
43842
43793
43672
43580
43341
43214
43160
43146
43135
43062
43057
43042
42970
42905
42836
42762
42731
42506
42180
42179
42167
42076
42039
41980
41973
41848
41782
41776
41770
41759
41579
41520
41476
41163
40765
40764
40763
40627
40582
40459
40206
40079
39989
39886
39882
39799
39759
39754
39649
39552
39546
39514
39474
39453
39404
39394
39180
39160
39071
39070
39028
39016
38971
38904
38882
38817
38807
38789
38744
38733
38702
38673
38671
38667
38667
38645
38638
38622
38589
38547
38499
38410
38389
38385
38381
38221
38203
38201
38086
37568
37564
37517
37418
37166
37151
37048
37047
36979
36802
36801
36778
36617
36540
36499
36431
36318
36270
36236
36037
35917
35823
35809
35646
35573
35551
35529
35444
35170
35145
35077
35052
34901
34877
34863
34860
34846
34746
34741
34699
34687
34679
34663
34641
34562
34462
34410
34387
34221
34160
34074
33968
33747
33718
33662
33659
33654
33599
33541
33482
33466
33435
33029
33027
32987
32972
32967
32902
32860
32728
32670
32669
32579
32543
32509
32484
32416
32346
32262
32246
32232
32195
32171
32143
32141
32076
32073
32064
32059
31987
31950
31724
31579
31574
31501
31463
31454
31398
31395
31383
31312
31242
31226
31178
31155
31078
31059
31043
31035
30928
30918
30911
30863
30847
30807
30773
30770
30686
30624
30578
30524
30509
30331
30309
30274
30234
30149
30144
30060
30018
29938
29760
29726
29719
29712
29652
29638
29564
29555
29550
29544
29487
29447
29401
29396
29392
29382
29324
29309
29219
29193
29141
29140
29086
29083
29078
29001
28978
28927
28903
28846
28816
28787
28745
28712
28647
28631
28606
28543
28541
28499
28476
28437
28359
28346
28294
28291
28252
28202
28187
28154
28145
28136
28119
28118
28083
28050
27989
27935
27877
27808
27761
27753
27740
27737
27612
27598
27531
27504
27495
27454
27357
27339
27335
27331
27313
27310
27250
27249
27224
27222
27138
27134
27115
27097
27094
27077
27060
26996
26989
26911
26910
26885
26874
26827
26824
26800
26795
26764
26753
26738
26734
26721
26705
26655
26612
26589
26555
26482
26479
26409
26409
26395
26338
26323
26317
26273
26252
26209
26204
26202
26198
26185
26131
26122
26116
26108
26036
25962
25956
25943
25910
25903
25838
25764
25730
25679
25674
25665
25634
25614
25511
25446
25326
25258
25234
25158
25132
25111
25108
25087
25040
25004
24991
24989
24954
24900
24869
24787
24776
24770
24731
24726
24698
24670
24643
24544
24542
24474
24447
24417
24359
24334
24328
24298
24274
24103
24091
24089
24056
24025
23996
23993
23986
23977
23930
23915
23869
23864
23842
23838
23831
23827
23748
23678
23671
23632
23605
23584
23471
23470
23464
23448
23407
23394
23292
23253
23193
23179
23161
23140
23134
23130
23130
23105
23101
23087
23087
23084
23073
23040
22970
22906
22902
22874
22848
22776
22756
22717
22708
22707
22698
22511
22416
22218
22198
22194
22185
22174
22168
22119
22113
22103
22094
22044
22013
21987
21964
21963
21919
21875
21725
21712
21695
21497
21434
21416
21397
21353
21289
21264
21247
21209
21201
21152
21139
21097
21078
21069
21066
21041
21040
21017
20964
20861
20817
20817
20814
20759
20688
20584
20581
20478
20475
20466
20464
20415
20412
20393
20374
20360
20357
20317
20304
20301
20231
20225
20221
20173
20153
20101
20097
20096
20095
20074
20058
20057
20015
20007
19890
19870
19849
19845
19844
19843
19827
19621
19610
19564
19535
19500
19487
19455
19436
19421
19392
19331
19304
19297
19283
19275
19258
19250
19222
19218
19205
19202
19192
19189
19109
19087
19081
19048
19009
19008
19007
19003
18968
18967
18921
18919
18855
18844
18840
18784
18767
18706
18657
18610
18546
18495
18479
18415
18406
18405
18403
18393
18351
18331
18325
18317
18309
18264
18179
18175
18151
18146
18136
18086
18050
18039
18017
18017
18006
17949
17938
17894
17854
17844
17827
17811
17779
17750
17744
17690
17682
17669
17622
17608
17533
17512
17502
17491
17387
17356
17350
17349
17334
17281
17264
17228
17180
17178
17117
17039
16999
16992
16950
16923
16912
16894
16885
16810
16789
16788
16743
16717
16707
16700
16633
16616
16615
16606
16585
16575
16565
16520
16519
16515
16491
16467
16463
16440
16433
16430
16422
16420
16396
16367
16350
16341
16333
16273
16264
16197
16180
16152
16147
16125
16073
16063
16046
16042
15929
15914
15913
15905
15902
15898
15867
15861
15855
15815
15805
15804
15793
15780
15773
15772
15745
15738
15724
15717
15687
15678
15645
15619
15614
15607
15606
15595
15591
15588
15553
15551
15547
15542
15521
15507
15490
15462
15456
15446
15444
15430
15425
15422
15421
15415
15411
15365
15363
15362
15355
15341
15316
15301
15299
15281
15278
15275
15267
15253
15221
15201
15149
15116
15084
15071
15063
15020
14999
14970
14967
14964
14949
14936
14905
14900
14892
14880
14875
14844
14831
14791
14783
14782
14769
14747
14742
14738
14725
14711
14707
14705
14700
14695
14684
14670
14665
14646
14631
14619
14612
14589
14583
14581
14560
14555
14555
14549
14547
14545
14538
14522
14522
14520
14499
14478
14471
14463
14459
14443
14428
14426
14413
14399
14386
14312
14309
14307
14301
14283
14283
14279
14263
14240
14234
14226
14225
14188
14150
14149
14149
14139
14120
14103
14078
14071
14068
14018
14017
14010
14003
13984
13983
13954
13948
13935
13918
13906
13874
13870
13866
13864
13840
13836
13835
13831
13831
13823
13820
13814
13805
13795
13782
13777
13763
13739
13734
13734
13722
13715
13715
13706
13688
13675
13671
13634
13623
13614
13609
13596
13589
13587
13581
13567
13566
13556
13551
13534
13514
13496
13490
13484
13480
13456
13438
13430
13416
13413
13357
13346
13320
13320
13308
13301
13293
13288
13270
13260
13257
13231
13225
13216
13200
13168
13163
13157
13132
13096
13087
13079
13077
13060
13047
13030
12987
12938
12911
12909
12903
12891
12862
12825
12820
12803
12791
12756
12665
12663
12630
12606
12587
12585
12497
12492
12484
12467
12442
12427
12416
12380
12373
12367
12363
12346
12296
12290
12266
12249
12235
12191
12188
12178
12174
12173
12104
12088
12074
12074
12070
12026
11900
11894
11891
11873
11837
11812
11773
11769
11737
11736
11722
11711
11708
11707
11691
11670
11642
11636
11624
11576
11573
11565
11552
11544
11520
11502
11491
11477
11432
11427
11375
11370
11362
11359
11346
11343
11338
11337
11324
11320
11313
11294
11282
11271
11240
11236
11230
11227
11225
11225
11217
11208
11205
11190
11184
11179
11144
11142
11132
11115
11110
11092
11083
11075
11074
11068
11052
11045
11029
11020
10987
10973
10962
10951
10935
10930
10927
10927
10890
10875
10865
10849
10843
10843
10836
10822
10819
10817
10814
10800
10780
10768
10767
10765
10760
10749
10741
10729
10726
10714
10709
10705
10681
10676
10675
10662
10652
10637
10635
10612
10606
10585
10574
10569
10568
10563
10560
10549
10548
10548
10541
10532
10520
10508
10503
10476
10475
10472
10465
10446
10435
10433
10420
10413
10399
10391
10387
10386
10373
10358
10355
10346
10341
10337
10337
10323
10318
10310
10306
10304
10298
10298
10296
10295
10277
10273
10270
10262
10248
10242
10236
10230
10225
10225
10221
10213
10182
10150
10136
10132
10122
10119
10107
10106
10103
10100
10055
10050
10036
10029
10017
10013
10011
10008
9989
9982
9965
9947
9945
9931
9900
9885
9874
9874
9871
9826
9810
9808
9800
9794
9787
9763
9756
9723
9711
9703
9696
9681
9674
9659
9655
9582
9576
9561
9559
9548
9543
9541
9540
9538
9534
9501
9498
9498
9487
9470
9456
9455
9434
9430
9422
9418
9384
9368
9355
9352
9334
9315
9308
9306
9294
9289
9267
9265
9244
9240
9198
9185
9176
9174
9150
9121
9090
9071
9054
9049
9042
9040
9024
9002
8998
8998
8990
8989
8918
8863
8863
8848
8828
8825
8824
8815
8805
8798
8795
8768
8758
8756
8746
8735
8721
8703
8698
8673
8656
8647
8645
8644
8621
8621
8619
8618
8617
8605
8547
8544
8525
8524
8521
8496
8492
8486
8478
8476
8457
8455
8452
8448
8448
8444
8438
8434
8432
8412
8408
8403
8396
8393
8387
8382
8376
8368
8362
8351
8333
8333
8322
8320
8306
8297
8291
8280
8267
8258
8247
8241
8239
8239
8230
8229
8228
8226
8226
8224
8223
8214
8211
8210
8192
8191
8181
8176
8158
8155
8150
8147
8141
8130
8112
8108
8107
8105
8086
8076
8075
8073
8068
8060
8056
8049
8029
8027
8020
8017
8015
8005
7989
7984
7984
7975
7959
7954
7953
7950
7948
7933
7927
7926
7926
7919
7917
7916
7910
7908
7906
7901
7896
7894
7882
7878
7862
7859
7852
7851
7843
7808
7792
7790
7780
7764
7754
7749
7734
7731
7728
7719
7717
7707
7704
7692
7681
7663
7658
7641
7635
7623
7623
7616
7610
7589
7583
7578
7577
7567
7551
7545
7526
7519
7518
7515
7514
7511
7506
7493
7493
7489
7486
7485
7481
7468
7455
7451
7441
7441
7434
7407
7402
7398
7379
7378
7371
7366
7355
7337
7336
7336
7333
7316
7300
7295
7286
7280
7266
7255
7255
7242
7233
7227
7222
7220
7209
7207
7206
7205
7205
7205
7199
7195
7187
7186
7185
7180
7173
7164
7160
7159
7156
7154
7149
7143
7134
7132
7132
7125
7124
7124
7119
7115
7113
7110
7109
7107
7103
7101
7094
7093
7090
7089
7084
7077
7065
7063
7059
7058
7052
7051
7045
7044
7044
7036
7035
7034
7025
7023
7021
7018
7001
6997
6993
6993
6984
6983
6983
6981
6979
6969
6968
6965
6960
6943
6912
6910
6908
6901
6900
6894
6889
6889
6886
6885
6877
6874
6865
6862
6862
6848
6846
6843
6842
6837
6833
6828
6820
6816
6815
6812
6811
6809
6804
6803
6801
6801
6799
6794
6792
6788
6787
6778
6778
6774
6771
6770
6759
6758
6755
6754
6752
6746
6742
6740
6734
6734
6731
6730
6724
6721
6717
6716
6713
6708
6704
6702
6699
6695
6689
6689
6683
6676
6676
6674
6673
6669
6664
6648
6640
6631
6628
6622
6621
6621
6620
6620
6618
6618
6611
6611
6609
6607
6605
6605
6604
6603
6601
6601
6598
6598
6597
6597
6588
6576
6568
6566
6566
6561
6560
6559
6559
6556
6556
6555
6552
6550
6550
6549
6546
6543
6543
6541
6540
6539
6530
6523
6516
6510
6505
6501
6495
6493
6483
6481
6479
6476
6463
6455
6452
6451
6451
6448
6444
6443
6440
6432
6430
6425
6413
6411
6409
6404
6399
6396
6392
6390
6388
6384
6378
6373
6371
6363
6363
6363
6361
6355
6354
6353
6353
6347
6339
6334
6329
6320
6310
6308
6300
6300
6294
6287
6282
6276
6268
6265
6263
6259
6258
6252
6249
6249
6247
6247
6244
6243
6243
6242
6239
6238
6232
6229
6227
6226
6222
6220
6220
6218
6214
6212
6206
6206
6205
6201
6195
6194
6193
6185
6181
6178
6175
6174
6171
6170
6169
6169
6167
6167
6166
6165
6165
6161
6148
6141
6138
6136
6132
6121
6113
6112
6107
6106
6106
6105
6103
6103
6102
6096
6095
6093
6092
6089
6087
6081
6079
6077
6074
6074
6073
6072
6070
6069
6069
6068
6066
6063
6063
6063
6061
6057
6053
6050
6049
6049
6049
6048
6047
6046
6043
6043
6042
6041
6040
6040
6035
6032
6032
6031
6028
6025
6019
6017
6013
6011
6003
5999
5996
5991
5985
5985
5978
5973
5971
5970
5969
5968
5967
5964
5964
5959
5947
5944
5944
5942
5940
5932
5931
5930
5929
5927
5926
5921
5920
5920
5919
5915
5912
5911
5907
5904
5902
5899
5894
5887
5886
5883
5878
5874
5870
5868
5864
5864
5859
5859
5853
5852
5848
5846
5845
5833
5830
5828
5825
5824
5824
5816
5815
5812
5811
5809
5809
5806
5796
5796
5793
5789
5779
5779
5774
5763
5752
5749
5744
5744
5740
5738
5736
5736
5736
5735
5723
5723
5720
5718
5715
5713
5701
5693
5693
5690
5690
5686
5683
5681
5681
5679
5675
5675
5664
5661
5659
5654
5636
5628
5628
5625
5624
5616
5612
5607
5599
5599
5597
5587
5584
5572
5570
5566
5566
5551
5550
5538
5538
5535
5535
5530
5528
5523
5520
5520
5515
5502
5494
5488
5487
5480
5479
5477
5476
5474
5474
5467
5461
5460
5449
5448
5437
5437
5414
5408
5407
5403
5400
5393
5393
5385
5380
5376
5372
5372
5371
5367
5365
5365
5364
5357
5354
5352
5345
5332
5328
5322
5316
5314
5312
5309
5306
5299
5299
5296
5296
5294
5293
5293
5291
5291
5284
5275
5275
5273
5267
5261
5260
5256
5256
5252
5242
5240
5238
5226
5226
5224
5217
5208
5195
5191
5191
5188
5187
5186
5183
5180
5171
5168
5165
5164
5159
5159
5159
5155
5153
5146
5142
5137
5136
5130
5127
5125
5118
5113
5113
5110
5103
5102
5100
5099
5081
5079
5075
5073
5073
5061
5058
5054
5053
5047
5046
5046
5041
5039
5038
5038
5031
5014
5008
5008
5007
5005
5002
4994
4991
4990
4989
4988
4987
4985
4982
4981
4980
4979
4978
4973
4971
4966
4959
4959
4958
4952
4951
4950
4948
4937
4937
4933
4932
4928
4928
4925
4919
4911
4907
4907
4904
4903
4903
4901
4896
4895
4894
4893
4886
4886
4882
4882
4876
4874
4867
4867
4864
4864
4861
4860
4851
4849
4848
4841
4834
4832
4830
4827
4826
4824
4824
4823
4821
4818
4818
4813
4810
4807
4804
4800
4800
4792
4792
4790
4788
4786
4782
4782
4778
4776
4771
4770
4769
4761
4756
4753
4742
4739
4738
4732
4732
4731
4719
4713
4712
4707
4691
4689
4689
4686
4685
4680
4679
4678
4676
4675
4674
4672
4669
4667
4663
4654
4651
4650
4646
4635
4635
4635
4628
4621
4617
4617
4606
4595
4595
4585
4583
4581
4580
4578
4576
4565
4557
4555
4555
4553
4550
4538
4534
4533
4531
4524
4510
4503
4503
4502
4501
4496
4496
4495
4492
4479
4476
4466
4459
4458
4454
4448
4441
4434
4431
4430
4429
4427
4424
4424
4411
4406
4404
4400
4395
4393
4377
4377
4367
4362
4356
4345
4344
4342
4338
4338
4338
4335
4326
4324
4319
4318
4316
4301
4295
4294
4292
4290
4289
4286
4283
4272
4271
4260
4260
4258
4253
4252
4249
4244
4244
4240
4238
4229
4226
4225
4223
4221
4208
4206
4202
4201
4201
4199
4197
4191
4188
4183
4181
4180
4179
4177
4173
4171
4168
4167
4166
4164
4163
4154
4154
4148
4147
4144
4144
4139
4134
4134
4134
4133
4128
4127
4121
4120
4119
4118
4117
4111
4109
4109
4108
4105
4104
4104
4102
4102
4101
4099
4099
4094
4094
4093
4092
4088
4080
4080
4074
4073
4065
4062
4061
4060
4059
4056
4055
4053
4050
4041
4037
4036
4034
4030
4027
4024
4023
4020
4019
4017
4017
4014
4012
4011
4011
4010
4009
4008
4007
4006
4005
4005
3998
3994
3994
3993
3987
3980
3978
3976
3975
3974
3972
3971
3971
3968
3965
3962
3962
3959
3958
3958
3956
3956
3956
3954
3954
3952
3943
3943
3943
3942
3941
3941
3940
3939
3939
3939
3938
3937
3935
3933
3930
3928
3928
3927
3921
3916
3915
3915
3910
3909
3908
3907
3905
3904
3902
3896
3894
3891
3887
3886
3886
3885
3885
3884
3883
3879
3879
3878
3875
3870
3867
3867
3867
3866
3863
3862
3860
3858
3858
3854
3853
3853
3852
3851
3846
3844
3842
3840
3838
3835
3834
3832
3824
3822
3822
3815
3814
3814
3811
3805
3803
3796
3790
3790
3789
3785
3784
3783
3783
3781
3781
3778
3775
3774
3772
3770
3768
3767
3766
3765
3764
3762
3760
3758
3756
3756
3755
3755
3753
3750
3741
3741
3740
3740
3740
3737
3734
3730
3729
3725
3720
3708
3706
3706
3702
3702
3699
3694
3693
3687
3682
3677
3676
3671
3671
3670
3667
3664
3663
3661
3660
3658
3656
3652
3649
3648
3646
3644
3644
3642
3639
3636
3636
3631
3629
3626
3626
3624
3623
3618
3613
3612
3609
3609
3606
3604
3602
3597
3590
3588
3585
3582
3577
3572
3570
3569
3566
3566
3559
3557
3551
3550
3545
3542
3535
3535
3533
3530
3528
3528
3527
3526
3522
3520
3519
3516
3510
3510
3509
3509
3506
3504
3502
3501
3500
3498
3495
3495
3489
3488
3487
3487
3479
3477
3467
3463
3455
3450
3449
3445
3444
3435
3435
3432
3429
3427
3424
3424
3421
3420
3417
3416
3415
3411
3402
3398
3396
3389
3387
3385
3382
3380
3377
3375
3372
3371
3367
3367
3366
3366
3365
3361
3361
3356
3355
3355
3353
3353
3351
3350
3342
3340
3338
3335
3334
3330
3327
3325
3323
3311
3311
3308
3303
3299
3298
3298
3297
3296
3295
3293
3287
3282
3281
3281
3280
3279
3277
3274
3273
3273
3273
3265
3256
3256
3255
3250
3246
3246
3244
3236
3235
3234
3231
3228
3228
3227
3222
3219
3217
3214
3213
3211
3211
3204
3203
3200
3200
3198
3198
3195
3192
3192
3188
3186
3183
3180
3177
3175
3174
3166
3165
3162
3158
3158
3154
3151
3149
3146
3145
3142
3139
3137
3135
3132
3129
3129
3124
3119
3116
3115
3114
3109
3106
3105
3102
3096
3095
3091
3085
3085
3080
3074
3071
3071
3066
3066
3065
3058
3055
3054
3045
3042
3042
3042
3041
3037
3030
3028
3026
3007
3005
3004
3003
2998
2997
2995
2995
2995
2995
2993
2993
2992
2989
2984
2982
2980
2978
2976
2974
2968
2967
2966
2963
2959
2951
2950
2949
2937
2933
2933
2933
2930
2929
2927
2926
2925
2915
2913
2912
2909
2905
2899
2897
2894
2892
2890
2887
2887
2885
2885
2878
2877
2876
2873
2872
2871
2861
2859
2859
2857
2856
2848
2841
2839
2833
2832
2824
2815
2809
2808
2808
2807
2805
2803
2802
2800
2800
2794
2791
2791
2789
2789
2788
2787
2786
2782
2782
2781
2772
2771
2769
2765
2765
2762
2762
2759
2756
2753
2749
2747
2745
2739
2730
2728
2724
2717
2711
2711
2706
2704
2699
2698
2692
2687
2681
2677
2676
2673
2669
2668
2666
2662
2662
2661
2654
2650
2649
2645
2644
2637
2632
2627
2622
2622
2618
2617
2616
2609
2609
2608
2608
2607
2605
2601
2599
2592
2591
2591
2590
2588
2584
2583
2579
2577
2576
2570
2569
2563
2562
2558
2554
2539
2538
2534
2534
2524
2523
2520
2514
2511
2511
2499
2487
2481
2476
2472
2471
2467
2456
2454
2450
2450
2444
2441
2433
2433
2432
2428
2427
2424
2422
2422
2417
2415
2412
2403
2403
2401
2398
2395
2393
2392
2390
2390
2390
2385
2384
2372
2367
2365
2363
2362
2357
2357
2353
2349
2344
2341
2340
2340
2340
2339
2332
2331
2331
2330
2330
2329
2328
2327
2325
2325
2324
2323
2322
2319
2319
2313
2313
2313
2309
2307
2300
2300
2299
2298
2297
2296
2291
2289
2281
2281
2281
2280
2276
2266
2262
2260
2253
2244
2241
2228
2221
2221
2214
2208
2204
2201
2199
2199
2198
2196
2193
2190
2184
2169
2165
2165
2164
2157
2154
2154
2153
2150
2142
2137
2135
2125
2121
2120
2106
2102
2101
2098
2092
2089
2086
2084
2084
2083
2083
2080
2079
2075
2075
2060
2055
2054
2049
2047
2047
2042
2038
2034
2032
2030
2022
2018
2014
2013
2004
2003
2002
1995
1991
1984
1979
1976
1975
1974
1969
1968
1950
1942
1941
1937
1936
1933
1932
1928
1918
1913
1910
1907
1895
1889
1872
1868
1866
1864
1859
1847
1846
1841
1838
1830
1823
1816
1802
1798
1796
1791
1787
1787
1766
1764
1762
1761
1757
1749
1742
1740
1732
1729
1728
1726
1715
1711
1708
1704
1703
1703
1701
1700
1697
1695
1694
1693
1692
1691
1684
1679
1678
1677
1670
1659
1650
1650
1648
1648
1648
1644
1642
1641
1638
1638
1632
1631
1625
1617
1608
1607
1603
1599
1597
1591
1588
1588
1588
1586
1583
1581
1581
1581
1579
1572
1570
1569
1565
1565
1563
1559
1557
1547
1539
1539
1539
1533
1533
1527
1526
1525
1525
1524
1515
1514
1508
1505
1504
1494
1489
1487
1484
1482
1477
1475
1473
1467
1460
1456
1449
1440
1439
1425
1406
1399
1397
1390
1389
1383
1373
1370
1368
1353
1353
1351
1332
1310
1307
1305
1290
1271
1252
1246
1231
1230
1209
1202
1195
1193
1193
1185
1174
1163
1162
1161
1157
1157
1154
1153
1129
1129
1127
1124
1123
1117
1113
1108
1097
1092
1091
1088
1083
1080
1069
1065
1061
1052
1051
1048
1042
1024
1023
1009
1007
992
988
976
938
936
928
924
920
890
884
882
877
876
874
870
859
847
846
835
823
823
821
820
815
807
801
801
801
799
798
797
796
793
787
786
785
775
767
766
764
758
754
754
749
747
744
736
731
725
725
715
708
704
693
681
670
665
663
662
654
651
633
629
625
619
614
614
613
605
601
596
588
578
577
575
566
559
542
531
530
522
504
500
496
479
458
440
431
424
410
390
338
336
333
307
305
270
256
244
225
208
195
190
169
164
162
126
112
48
