1290712
1054072
1051291
1034915
1034915
1030031
1030028
924833
910211
870146
803085
779856
775205
767865
767559
753526
703081
692874
661406
655625
622587
618960
576169
534815
516288
495908
489227
486757
482117
456301
449761
445081
435305
433694
423438
412016
393339
336543
334656
334656
329450
318456
315931
299802
295395
292736
291251
289366
280866
280606
271629
267895
267641
257147
252533
250905
250005
245979
244660
241812
241607
240778
240778
239970
238850
237885
236656
235900
235740
235238
234755
232561
230664
230354
229691
228925
227676
224156
221986
221424
219588
218445
216870
216341
216274
215777
212829
211502
209632
206131
204857
204692
202910
202597
202336
201497
200624
196143
195983
195967
194780
193863
192419
192372
190398
188215
187821
187549
186857
186444
184717
183941
183591
182981
182337
180602
179958
179055
178504
178460
178331
178151
177705
176584
176571
176303
174129
173847
173706
173704
173704
173517
171438
171231
171157
170941
170916
170743
170401
170392
170369
170273
169389
167370
167370
167370
167370
167286
167286
167286
167286
167286
167286
167131
167036
166573
166314
166145
165956
165594
165211
165005
164870
164831
164667
164518
164185
164010
163616
163570
163499
163350
161560
161379
161020
160690
160389
159724
159519
158939
156842
156708
155611
155123
154907
154222
153811
153798
152767
151201
151108
150686
149569
149109
148979
148745
148653
148295
148283
147963
145643
144888
144310
142660
142133
138398
136996
134789
133611
133326
130739
130632
130610
130216
129902
128893
127527
126751
126701
126680
125549
125231
124963
124879
124760
124380
123851
123466
123128
122118
120110
118578
117323
117157
116601
116580
116246
116238
114639
113692
113389
113359
113278
113259
112834
112567
112531
112395
112354
112169
112064
111797
111712
111654
111514
111433
111230
111173
110770
110312
110253
110082
109923
109782
109309
109261
108958
108864
108803
108712
107509
107477
107045
107003
106323
105296
104009
103005
102897
102890
102003
101858
101273
100963
100897
100150
99942
99792
98968
98891
98139
97749
97305
97270
97011
96855
96769
96701
96695
96488
96340
96166
96109
94578
94141
94097
93952
93765
93538
93225
93170
92340
91596
91582
90945
90656
90521
89460
88771
88665
88622
88585
88281
88280
87913
87353
86980
86980
86751
86575
86512
85890
85798
85661
84389
84059
83500
83490
83162
82919
82919
82762
82748
82730
82722
81885
81866
81571
81382
80737
80346
79543
79135
79015
79001
78848
77989
77531
77406
77111
77111
75794
75782
75590
75419
75419
75319
75314
74874
73610
73081
73025
72748
72708
72408
72398
72056
71545
70611
70188
69556
69510
69439
69407
68978
68958
68926
68925
68870
68820
68693
68671
68573
68181
68047
68000
67943
67379
67073
66802
66772
66762
66690
66512
66495
66445
66106
66046
65905
64946
64919
64880
64791
64723
64720
64099
63679
62910
62837
62458
62428
61893
61784
61199
61079
60736
60714
60431
60372
60221
60190
60104
59710
59626
58526
58223
58199
58085
57807
57718
57607
57170
56995
56755
56677
56557
56547
56424
56406
56182
55918
55558
55336
54810
53777
53481
53410
52916
52811
52590
52144
51553
51315
50782
50698
50494
50429
50157
50150
49845
49504
49417
49069
48998
48878
48387
48265
48218
48205
48185
48148
48144
48135
48036
48034
47939
47908
47788
47553
47531
47322
47318
47199
46888
46780
46265
46157
46134
45627
45625
45616
45362
45333
45134
45123
45108
45081
45064
44998
44879
44702
44612
44602
44595
44461
44195
43989
43981
43748
43744
43689
43592
43495
43490
43064
42950
42848
42836
42770
42608
42606
42546
42272
42043
41724
41649
41525
41490
41468
41438
41429
41402
41377
41331
41059
41012
40976
40884
40491
40490
40445
40285
40187
40148
40128
40099
40062
40026
39991
39789
39677
39218
39163
39117
39097
38975
38877
38812
38810
38806
38771
38669
38561
38539
38492
38483
38465
38410
38349
38328
38284
38215
38010
37985
37942
37902
37699
37686
37365
37275
37264
37188
37155
37153
37015
36992
36910
36903
36898
36894
36882
36873
36855
36824
36778
36756
36681
36627
36573
36408
36396
36396
36388
36271
36252
36167
36108
35991
35958
35904
35887
35800
35597
35594
35470
35449
35251
35004
34962
34949
34855
34847
34827
34812
34762
34728
34710
34682
34526
34518
34432
34406
34403
34387
34337
34326
34207
34074
33903
33714
33606
33579
33508
33481
33454
33381
33350
33313
33229
33198
33147
33077
33015
32897
32834
32644
32543
32459
32454
32383
32303
32275
32247
32132
32031
31914
31910
31764
31628
31553
31550
31530
31485
31458
31436
31355
31335
31287
31286
31267
31066
31057
31056
31037
30948
30877
30848
30827
30783
30753
30679
30524
30443
30430
30290
30231
30217
30138
30079
30040
30037
29985
29871
29822
29767
29756
29747
29721
29646
29622
29622
29553
29551
29502
29499
29491
29455
29392
29377
29377
29321
29107
29090
29020
28984
28971
28967
28919
28917
28914
28899
28864
28861
28820
28761
28738
28702
28662
28616
28573
28565
28563
28559
28518
28480
28458
28410
28388
28282
28238
28207
28207
28206
28197
28184
27997
27945
27877
27864
27859
27786
27762
27658
27591
27540
27479
27466
27379
27332
27310
27261
27248
27222
27144
27119
27094
27071
27066
26999
26989
26946
26900
26884
26836
26765
26735
26692
26673
26657
26645
26581
26464
26461
26461
26441
26434
26329
26287
26262
26195
26164
26148
26130
26111
26086
26047
26028
26022
26020
25962
25852
25766
25736
25727
25705
25655
25650
25647
25574
25562
25515
25465
25437
25430
25425
25376
25372
25361
25343
25173
25127
25102
25087
25055
24892
24808
24778
24749
24737
24574
24518
24511
24505
24496
24458
24372
24286
24263
24206
24195
24155
24148
24090
24058
24057
24023
23994
23982
23969
23838
23802
23753
23708
23695
23673
23670
23667
23646
23556
23551
23505
23498
23470
23443
23438
23416
23411
23363
23330
23324
23266
23180
23178
23136
23048
22946
22922
22894
22893
22891
22887
22835
22774
22674
22668
22612
22604
22584
22566
22560
22458
22453
22438
22427
22323
22300
22267
22242
22225
22215
22158
22088
22078
22074
22074
22066
22048
21912
21901
21901
21851
21843
21840
21840
21812
21761
21744
21669
21585
21582
21554
21519
21489
21481
21408
21384
21384
21384
21339
21329
21316
21297
21283
21259
21255
21221
21162
21153
21107
21104
21033
21016
20995
20880
20827
20769
20707
20661
20656
20649
20638
20637
20635
20580
20565
20494
20466
20452
20452
20410
20408
20385
20356
20279
20269
20234
20188
20181
20155
20125
20109
20079
20054
20050
19990
19989
19960
19935
19866
19855
19808
19793
19778
19742
19713
19703
19612
19582
19529
19524
19522
19481
19480
19474
19474
19439
19404
19401
19395
19373
19352
19341
19303
19273
19263
19252
19242
19222
19173
19159
19142
19142
19124
19089
19086
19036
19014
19003
18994
18990
18987
18970
18944
18940
18927
18870
18854
18837
18826
18779
18756
18725
18717
18701
18688
18680
18632
18599
18586
18586
18564
18526
18516
18438
18436
18342
18333
18309
18274
18262
18235
18188
18166
18140
18111
18108
18053
18040
18040
18038
18038
18028
17912
17868
17832
17812
17806
17806
17791
17788
17784
17775
17773
17766
17762
17724
17721
17685
17660
17645
17645
17642
17634
17625
17607
17566
17545
17525
17486
17469
17467
17454
17415
17400
17398
17391
17370
17364
17364
17358
17350
17348
17324
17323
17305
17304
17303
17300
17289
17287
17281
17260
17210
17188
17148
17138
17129
17105
17097
17089
17080
17072
17062
17031
17027
17023
17022
17020
17011
17001
16966
16935
16923
16899
16892
16866
16816
16814
16798
16735
16712
16694
16683
16677
16672
16629
16627
16594
16576
16570
16566
16546
16487
16483
16476
16476
16450
16440
16407
16402
16389
16374
16374
16370
16339
16311
16306
16275
16275
16272
16268
16215
16208
16194
16179
16158
16157
16124
16106
16098
16073
16067
16059
16059
16040
16038
16038
16038
16038
16038
16038
16038
16038
16038
16029
16007
16001
15982
15977
15977
15965
15963
15956
15924
15893
15877
15874
15820
15773
15759
15750
15748
15723
15714
15707
15706
15695
15688
15643
15606
15589
15584
15560
15544
15531
15513
15509
15505
15503
15492
15484
15455
15442
15432
15399
15387
15386
15384
15360
15346
15343
15330
15330
15327
15303
15298
15298
15297
15293
15278
15264
15257
15240
15228
15218
15196
15181
15174
15169
15168
15160
15135
15095
15086
15047
15041
15014
15001
14998
14989
14982
14975
14973
14962
14953
14952
14931
14923
14920
14906
14902
14902
14842
14834
14817
14810
14802
14801
14798
14797
14794
14789
14773
14765
14760
14752
14747
14726
14717
14700
14683
14655
14632
14616
14602
14573
14549
14537
14535
14532
14506
14503
14503
14499
14499
14496
14482
14465
14463
14462
14450
14439
14407
14388
14380
14380
14377
14376
14357
14345
14339
14329
14329
14329
14324
14294
14292
14287
14282
14278
14276
14272
14243
14215
14205
14204
14173
14150
14148
14135
14128
14123
14105
14104
14095
14089
14082
14056
14046
14025
13996
13943
13911
13902
13877
13869
13853
13792
13777
13762
13757
13757
13754
13750
13741
13734
13697
13686
13683
13656
13654
13650
13627
13622
13597
13591
13570
13566
13558
13549
13544
13544
13521
13500
13500
13470
13462
13432
13426
13421
13406
13398
13395
13386
13373
13370
13367
13365
13365
13365
13365
13364
13364
13364
13362
13360
13360
13358
13357
13357
13357
13357
13356
13356
13354
13352
13352
13352
13352
13350
13348
13344
13344
13343
13342
13341
13340
13340
13336
13336
13335
13334
13330
13320
13315
13281
13274
13267
13257
13242
13211
13200
13196
13189
13172
13162
13153
13153
13145
13118
13103
13092
13076
13076
13068
13065
13050
13044
13014
13006
12996
12986
12984
12980
12965
12957
12953
12948
12947
12944
12940
12938
12938
12938
12938
12938
12911
12906
12906
12888
12875
12853
12852
12851
12843
12833
12826
12825
12825
12823
12820
12819
12814
12813
12812
12812
12812
12806
12806
12806
12805
12805
12804
12803
12803
12799
12798
12798
12796
12795
12789
12786
12785
12784
12782
12775
12774
12767
12763
12751
12744
12737
12729
12718
12708
12706
12704
12703
12703
12702
12701
12698
12698
12697
12696
12695
12694
12693
12690
12688
12686
12684
12681
12681
12681
12680
12679
12679
12677
12674
12669
12666
12665
12664
12663
12662
12657
12652
12648
12643
12628
12611
12608
12608
12603
12601
12589
12587
12565
12565
12557
12556
12549
12545
12539
12521
12504
12500
12490
12486
12466
12457
12432
12409
12405
12403
12400
12398
12395
12386
12381
12374
12328
12317
12315
12314
12313
12311
12298
12288
12277
12270
12267
12264
12262
12251
12249
12236
12231
12225
12218
12207
12199
12196
12165
12156
12148
12128
12120
12119
12100
12100
12081
12054
12046
12042
12039
12028
12026
12024
12018
12007
11987
11984
11945
11918
11915
11905
11903
11891
11891
11876
11873
11872
11869
11843
11842
11829
11827
11823
11818
11808
11807
11807
11782
11780
11776
11765
11762
11750
11748
11739
11719
11719
11715
11714
11708
11706
11703
11696
11693
11692
11687
11683
11682
11682
11666
11650
11642
11641
11640
11639
11634
11631
11628
11624
11621
11612
11611
11597
11591
11587
11580
11579
11572
11569
11566
11563
11562
11558
11554
11553
11550
11549
11536
11533
11532
11526
11526
11522
11522
11513
11510
11506
11503
11499
11493
11492
11483
11480
11476
11464
11463
11461
11455
11454
11454
11452
11448
11442
11438
11436
11435
11435
11433
11433
11430
11430
11429
11426
11425
11425
11424
11423
11422
11422
11421
11419
11419
11418
11413
11410
11407
11401
11397
11395
11394
11394
11392
11389
11386
11385
11385
11383
11373
11373
11372
11371
11369
11360
11358
11358
11358
11356
11352
11351
11350
11348
11346
11346
11342
11339
11338
11337
11333
11324
11323
11323
11322
11321
11320
11319
11317
11316
11313
11307
11306
11304
11304
11300
11300
11298
11295
11288
11287
11286
11286
11280
11278
11278
11277
11276
11276
11273
11269
11269
11268
11266
11266
11266
11265
11261
11256
11255
11253
11251
11244
11243
11243
11237
11235
11231
11231
11231
11225
11224
11222
11221
11220
11218
11216
11209
11196
11194
11190
11190
11183
11177
11177
11176
11172
11172
11171
11171
11169
11168
11164
11159
11158
11157
11151
11146
11145
11145
11144
11143
11140
11138
11138
11134
11131
11128
11128
11125
11125
11120
11117
11115
11104
11104
11098
11095
11092
11092
11091
11085
11083
11082
11080
11072
11069
11068
11066
11061
11059
11058
11054
11051
11049
11045
11044
11043
11041
11038
11034
11033
11032
11031
11028
11027
11026
11024
11022
11021
11019
11018
11016
11015
11015
11014
11013
11013
11011
11006
11003
11001
10995
10994
10992
10989
10989
10988
10986
10986
10983
10981
10980
10976
10972
10970
10967
10963
10960
10960
10958
10957
10953
10945
10942
10938
10937
10930
10927
10925
10924
10924
10922
10920
10919
10916
10915
10912
10910
10910
10908
10907
10907
10897
10893
10891
10888
10882
10877
10877
10874
10873
10871
10868
10865
10858
10857
10857
10856
10856
10855
10855
10852
10847
10846
10842
10840
10840
10838
10837
10836
10832
10828
10821
10820
10818
10815
10814
10802
10801
10801
10797
10794
10792
10790
10785
10778
10770
10769
10769
10769
10769
10768
10768
10767
10760
10758
10754
10754
10753
10749
10748
10737
10730
10727
10726
10723
10723
10722
10716
10713
10713
10711
10709
10705
10704
10701
10700
10692
10692
10692
10692
10692
10692
10692
10692
10692
10692
10692
10686
10683
10675
10670
10669
10662
10659
10654
10649
10644
10644
10641
10640
10634
10630
10623
10617
10615
10614
10613
10611
10606
10605
10597
10595
10588
10588
10583
10579
10573
10569
10567
10563
10553
10549
10545
10541
10537
10537
10528
10515
10511
10506
10505
10493
10469
10460
10459
10445
10444
10444
10439
10431
10427
10422
10402
10400
10398
10378
10330
10327
10296
10292
10254
10247
10240
10236
10235
10226
10226
10226
10226
10226
10226
10226
10226
10226
10222
10208
10196
10195
10178
10176
10168
10166
10156
10154
10149
10142
10142
10128
10125
10123
10120
10105
10083
10077
10070
10042
10039
10037
10033
10029
10019
9994
9992
9980
9954
9953
9946
9943
9938
9937
9917
9908
9904
9866
9858
9846
9838
9838
9819
9815
9806
9806
9798
9797
9792
9780
9776
9775
9774
9770
9770
9760
9760
9749
9749
9730
9725
9711
9695
9685
9684
9680
9667
9659
9653
9645
9639
9638
9636
9633
9627
9598
9595
9579
9579
9578
9577
9568
9555
9553
9552
9545
9507
9494
9493
9493
9462
9446
9443
9439
9420
9416
9409
9406
9376
9365
9360
9360
9354
9352
9351
9342
9332
9330
9330
9316
9304
9300
9291
9288
9261
9253
9248
9230
9194
9189
9187
9181
9180
9179
9179
9166
9161
9161
9149
9133
9120
9101
9097
9093
9090
9088
9085
9062
9056
9056
9050
9034
9029
9024
9012
9010
9005
9005
8976
8975
8963
8962
8948
8948
8940
8928
8923
8912
8908
8906
8894
8894
8894
8889
8851
8850
8845
8844
8840
8821
8811
8809
8806
8803
8800
8796
8791
8790
8790
8790
8768
8765
8759
8746
8746
8706
8701
8696
8690
8686
8684
8676
8669
8656
8656
8647
8645
8643
8642
8636
8636
8628
8615
8599
8598
8597
8587
8587
8585
8585
8570
8555
8548
8530
8530
8530
8528
8489
8487
8485
8480
8480
8468
8466
8459
8458
8457
8453
8453
8447
8443
8443
8441
8438
8432
8431
8430
8426
8418
8410
8410
8402
8399
8398
8394
8382
8374
8369
8368
8364
8362
8355
8352
8350
8346
8344
8340
8340
8333
8326
8319
8307
8302
8287
8284
8270
8268
8258
8251
8241
8233
8232
8232
8231
8223
8209
8203
8198
8191
8185
8170
8167
8161
8151
8150
8147
8135
8135
8133
8131
8130
8130
8128
8121
8121
8104
8100
8097
8094
8085
8077
8075
8075
8071
8068
8063
8061
8059
8052
8051
8051
8043
8042
8040
8038
8038
8023
8022
8022
8021
8019
8019
8019
8019
8019
8019
8019
8019
8019
8019
8019
8019
8019
8019
8019
8019
8019
8019
8019
8018
8015
8010
8007
7989
7982
7980
7957
7957
7928
7905
7903
7898
7892
7889
7887
7852
7848
7833
7827
7820
7814
7807
7804
7799
7791
7779
7779
7774
7771
7751
7746
7740
7739
7728
7714
7713
7702
7696
7694
7694
7691
7691
7689
7689
7667
7665
7662
7661
7641
7631
7631
7628
7617
7615
7603
7594
7588
7586
7585
7581
7577
7577
7561
7552
7531
7524
7512
7510
7496
7491
7488
7483
7481
7473
7473
7471
7468
7467
7465
7462
7458
7454
7450
7450
7450
7434
7433
7428
7418
7414
7411
7407
7407
7404
7403
7387
7374
7372
7368
7364
7356
7356
7351
7344
7338
7332
7327
7323
7304
7303
7302
7302
7302
7296
7283
7276
7273
7266
7261
7251
7251
7242
7239
7235
7234
7234
7225
7215
7210
7202
7197
7187
7183
7178
7175
7175
7163
7145
7142
7142
7135
7131
7122
7100
7093
7084
7068
7056
7054
7051
7040
7038
7037
7032
7024
7020
7009
7009
6997
6996
6994
6990
6983
6975
6975
6974
6974
6973
6972
6968
6965
6963
6963
6955
6951
6944
6938
6936
6936
6931
6929
6921
6920
6919
6916
6914
6910
6905
6904
6899
6898
6890
6888
6877
6876
6875
6870
6869
6866
6864
6863
6851
6843
6841
6840
6835
6822
6822
6822
6819
6817
6803
6794
6783
6769
6758
6756
6754
6754
6752
6746
6746
6742
6742
6741
6728
6724
6722
6719
6715
6712
6700
6697
6690
6689
6688
6688
6686
6681
6681
6676
6675
6669
6669
6658
6657
6652
6649
6644
6643
6643
6638
6636
6634
6622
6618
6610
6603
6594
6594
6593
6591
6586
6584
6583
6580
6580
6569
6560
6559
6559
6546
6543
6542
6540
6530
6530
6530
6511
6508
6497
6490
6483
6479
6471
6465
6463
6447
6441
6438
6436
6436
6433
6433
6430
6428
6428
6420
6418
6416
6413
6406
6405
6399
6397
6384
6382
6382
6382
6380
6373
6372
6372
6359
6358
6356
6356
6352
6346
6343
6342
6341
6339
6338
6337
6333
6331
6327
6323
6321
6315
6314
6307
6305
6301
6293
6290
6290
6285
6285
6284
6283
6283
6277
6276
6264
6260
6256
6252
6251
6250
6239
6234
6226
6218
6216
6215
6213
6213
6209
6201
6200
6186
6184
6183
6178
6178
6175
6175
6170
6170
6159
6155
6154
6146
6143
6139
6138
6138
6137
6136
6136
6132
6132
6129
6124
6115
6109
6108
6105
6104
6096
6092
6088
6076
6076
6076
6071
6066
6061
6057
6056
6052
6049
6046
6045
6041
6039
6037
6036
6036
6034
6032
6031
6030
6029
6027
6019
6019
6019
6017
6016
6016
6005
6000
5991
5989
5986
5982
5982
5976
5971
5970
5969
5963
5962
5959
5958
5946
5945
5936
5930
5927
5925
5923
5920
5917
5909
5907
5903
5885
5884
5881
5880
5880
5879
5879
5875
5871
5870
5870
5868
5866
5864
5861
5860
5859
5856
5855
5851
5844
5843
5835
5833
5825
5823
5823
5818
5812
5810
5803
5797
5797
5797
5794
5791
5786
5786
5783
5782
5781
5779
5776
5774
5760
5759
5757
5752
5737
5734
5730
5724
5724
5722
5718
5715
5710
5710
5709
5702
5701
5700
5700
5698
5694
5667
5663
5661
5646
5641
5637
5636
5635
5633
5632
5627
5608
5604
5603
5602
5595
5594
5593
5584
5571
5567
5562
5550
5547
5542
5540
5535
5534
5533
5532
5529
5526
5522
5522
5516
5515
5512
5512
5509
5507
5495
5491
5484
5474
5470
5469
5468
5466
5465
5439
5439
5436
5433
5426
5418
5418
5416
5415
5399
5396
5395
5393
5389
5389
5387
5378
5378
5375
5372
5369
5367
5365
5350
5346
5346
5346
5346
5346
5346
5346
5346
5346
5346
5346
5346
5346
5346
5346
5346
5346
5339
5325
5324
5310
5309
5295
5283
5273
5265
5265
5264
5253
5252
5251
5239
5239
5239
5239
5237
5233
5220
5199
5196
5183
5182
5182
5172
5167
5162
5155
5150
5146
5145
5135
5131
5120
5113
5110
5101
5099
5095
5080
5078
5076
5074
5062
5060
5056
5053
5041
5037
5032
5030
5025
5008
4998
4995
4991
4968
4962
4960
4959
4943
4941
4939
4924
4922
4920
4918
4893
4890
4882
4872
4864
4844
4843
4840
4839
4830
4822
4801
4799
4786
4782
4769
4767
4757
4752
4750
4742
4737
4734
4732
4731
4730
4715
4710
4708
4707
4690
4690
4687
4680
4666
4598
4595
4584
4579
4576
4563
4549
4544
4543
4494
4490
4490
4460
4432
4425
4405
4397
4388
4379
4354
4351
4345
4342
4342
4338
4323
4323
4322
4322
4315
4305
4259
4253
4249
4237
4230
4216
4183
4178
4173
4146
4141
4126
4100
4099
4067
4056
4017
4014
4001
3942
3939
3919
3910
3908
3903
3897
3891
3864
3843
3801
3790
3781
3748
3746
3746
3735
3708
3704
3672
3661
3661
3651
3651
3650
3644
3639
3625
3602
3590
3584
3569
3528
3526
3518
3510
3496
3390
3371
3365
3361
3359
3343
3327
3314
3304
3298
3273
3273
3237
3210
3197
3185
3164
3074
3061
3024
3024
3012
3006
2965
2960
2955
2941
2927
2913
2906
2891
2871
2860
2848
2846
2824
2821
2821
2814
2805
2805
2790
2785
2779
2774
2766
2757
2756
2754
2751
2731
2710
2683
2675
2674
2673
2673
2673
2673
2673
2673
2673
2673
2673
2673
2671
2663
2634
2620
2618
2612
2611
2600
2587
2584
2581
2557
2536
2526
2519
2513
2505
2498
2463
2453
2449
2360
2325
2320
2318
2286
2282
2282
2261
2247
2235
2208
2193
2182
2161
2160
2156
2071
2067
2065
2058
2025
2016
2003
2000
1971
1931
1887
1867
1866
1860
1839
1808
1798
1796
1792
1778
1766
1751
1739
1728
1725
1722
1709
1690
1687
1641
1606
1569
1555
1554
1542
1529
1513
1513
1510
1427
1426
1418
1417
1393
1378
1327
1284
1282
1270
1256
1255
1207
1202
1190
1155
1145
1140
1135
1116
1115
1108
1078
1075
1073
1072
1064
1033
1024
1024
1010
995
989
982
934
930
918
902
891
884
872
872
849
827
815
800
792
788
771
769
749
744
742
738
716
713
697
697
684
679
677
675
662
658
647
617
614
611
606
603
601
592
591
588
579
572
567
560
559
549
523
519
503
500
498
496
487
475
471
448
445
432
430
428
418
377
366
365
354
353
347
344
341
337
328
323
314
314
309
308
306
285
276
276
255
252
239
235
227
213
202
199
186
178
173
168
163
162
160
157
150
144
139
137
134
133
126
126
120
119
119
114
112
110
102
101
101
100
98
97
90
90
89
88
74
70
70
67
64
61
60
59
58
57
52
50
47
45
43
42
42
41
39
32
31
31
29
26
23
23
23
21
20
14
12
10
10
7
6
4
3
3
2
2
2
2
1
1
