column                    rows  value B | 12 cd/v  12 sk 12 codes | 16 cd/v  16 sk 16 codes
FineWeb2                269124   3715.8 | 1251.05  0.915     4045 |  751.70  0.897    65427 |
Wikipedia               233842   4276.4 | 1323.83  0.908     4045 |  759.93  0.908    65415 |
CodeParrot               98099  10193.8 | 2947.14  0.891     4050 | 1661.43  0.891    65234 |
Android                9040742    110.6 |   26.33  0.919     3941 |   11.79  0.875    61425 |
URL                   12254692     81.6 |   17.48  0.915     4019 |    9.53  0.879    64465 |
Title                  9102211    109.9 |   19.07  0.930     4029 |   10.85  0.887    64814 |
HDFS                   7218347    138.5 |   21.07  0.800     3649 |   15.43  0.754    63866 |
Thunderbird            5690764    175.7 |   23.05  0.865     3548 |   15.57  0.726    58281 |
Spark                 14200318     70.4 |    8.57  0.866     3637 |    6.25  0.719    61642 |
Windows                4139945    241.5 |   24.24  0.765     3569 |   18.93  0.572    33032 |
c_address             39450000     25.0 |   13.13  0.987     3904 |   11.51  0.847    65344 |
l_comment             37734748     26.5 |    3.46  0.923     3872 |    2.53  0.912    65308 |
o_clerk               66666666     15.0 |    1.94  0.792     3839 |    1.00  1.000    45000 |
l_shipinstruct        83341262     12.0 |    1.25  1.000        5 |    1.25  1.000        5 |
ps_comment             8097804    123.5 |   12.02  0.865     3869 |    9.69  0.884    65025 |
hn_by                  8472721      7.9 |    2.98  0.904     3851 |    1.35  0.916    57331 |
amz_product_id         6710887     10.0 |    3.81  0.885     3852 |    2.52  0.884    63216 |
cb_PageCharset         6619136     10.1 |    1.20  0.664        5 |    1.20  0.664        5 |
ghgit_author           5465576     12.3 |    1.12  0.550     1000 |    1.11  0.550      984 |
amz_review_id          4885734     13.7 |    6.68  0.891     3876 |    4.93  0.900    65314 |
