876907
832978
831973
831972
806318
806318
806318
806318
805799
773366
773366
773366
773366
768053
739717
724769
690472
554210
554210
553517
521418
488153
478674
478674
459293
459293
451818
451818
451818
451813
451772
451734
451734
451734
451734
451734
449999
448280
445745
442522
437947
435907
432364
430911
425767
414739
412169
409990
407739
407495
386804
363280
358746
346306
342167
323488
306030
301181
297480
296560
296281
294966
292831
292080
291639
282914
280310
279917
278457
277766
277766
277765
277765
277765
277765
277765
277436
277428
277428
277278
277277
277208
276395
276081
276081
276081
276081
276081
276081
276081
276081
276056
276048
276048
276048
276048
276048
276032
276032
276032
276029
276028
276028
276028
276028
276028
276028
275972
271591
270932
268479
267397
260687
256191
253463
251351
247933
247582
247205
246856
245351
245291
244658
243237
237921
228849
228231
228230
228192
227762
227439
226900
225718
223583
223542
223542
223527
223271
223135
223135
223135
222921
222885
221816
218566
218290
218042
217438
216837
213933
213796
211133
210160
209074
209018
207553
206731
205677
204866
201798
201794
201207
200778
200775
200468
199891
199030
198187
198021
194790
193789
193587
192890
192306
191486
190420
189828
187528
186185
182325
182091
180617
180550
178369
177269
177195
176632
176087
175334
175037
174977
174817
173072
172593
172302
171916
171290
171023
170905
169767
169508
168394
168304
168264
168264
166859
166225
165407
164714
164636
163545
162806
162395
160863
158409
158122
156514
156397
155522
154627
154312
153315
152961
152641
150599
150599
150584
150582
150582
150582
150582
150582
150572
150559
150559
150559
149236
149194
148916
147501
147044
146428
146403
142883
138321
137295
135720
135643
131882
131026
130919
130296
129384
128692
127219
123807
123670
122632
122592
121586
120974
120291
118309
116892
116176
113737
113147
112933
112791
112307
111698
111373
110907
110057
109637
109313
108277
108004
107724
106238
106114
105737
105571
104262
104122
102937
102894
102263
102059
102049
102018
102016
101336
101264
101174
101147
101054
100865
100741
100465
100078
100058
99948
99938
99705
98582
98299
97658
97609
97525
97408
96921
95846
95521
95458
95404
94657
94429
94003
93457
92933
92508
92435
92357
92153
91741
91343
90741
90699
90117
89961
89529
89481
89239
88979
88918
88280
88220
87542
85417
85236
84202
83779
83729
83415
83413
83027
82879
82630
82294
81980
81928
81811
81725
81705
81693
81383
81225
80226
80174
80150
80006
79812
79430
79319
78341
78239
77422
77331
77330
77013
76984
76690
76004
75916
75619
74868
74762
74609
74492
74234
74211
74192
74066
73871
73415
73008
72752
72642
72539
72531
72052
71791
71637
71570
71321
71308
70668
70613
70299
70262
70169
70029
69969
69489
69273
69007
68294
68096
67664
67319
67085
66392
66327
65773
65644
65126
65015
64892
64766
64531
63999
63936
63494
63306
63176
63059
62666
62501
62365
62132
62055
62025
61750
61473
61370
61322
61148
60955
60276
60193
60088
60084
60064
58817
58518
58323
58224
58167
57949
57742
57633
57366
57363
57363
57363
57363
57363
57363
57171
57136
57097
56912
56854
56854
56750
56561
56508
56346
55961
55747
55220
55042
54785
53643
53642
53560
53352
53201
53181
53054
52111
52066
51909
51864
51605
51563
51272
50960
50712
50692
50560
50507
50283
50217
50113
49804
49619
49599
49575
49503
49498
49316
49241
49200
49019
49011
48939
48446
48353
48254
48138
48128
48017
47983
47906
47895
47692
47567
47565
47448
47404
47183
47136
47096
46855
46784
46717
46702
46693
46369
46102
46098
46080
45906
45865
45789
45621
45466
45342
45294
45282
45267
44955
44821
44805
44621
44589
44585
44574
44381
44339
44339
44213
43508
43446
43343
43288
43111
43023
43023
43023
42786
42736
42666
42649
42643
42603
42598
42387
42386
42386
42377
42183
42109
41703
41662
41638
41513
41327
41309
41307
41223
41104
40970
40926
40824
40797
40622
40507
40296
40287
40206
40102
40081
40075
40004
39916
39842
39709
39676
39400
39392
39324
39246
39046
39018
38994
38910
38691
38656
38587
38566
38561
38520
38504
38434
38360
38197
38017
37997
37968
37889
37836
37768
37719
37683
37665
37596
37585
37583
37583
37561
37554
37552
37483
37451
37443
37372
37276
37204
37139
37129
37045
36998
36966
36948
36937
36877
36737
36672
36651
36618
36592
36509
36447
36210
36164
36119
36012
35890
35773
35515
35431
35275
35263
35258
35195
35158
35055
34993
34988
34937
34877
34848
34775
34709
34708
34685
34654
34500
34476
34475
34434
34395
34381
34371
34290
34121
34102
34051
33989
33952
33826
33814
33770
33752
33714
33713
33556
33511
33336
33216
33165
33061
32795
32753
32569
32557
32485
32475
32373
32328
32327
32310
32277
32233
32190
31719
31644
31544
31366
31321
31279
31167
31127
31121
31104
31066
31052
31046
31029
31026
30992
30956
30921
30914
30871
30762
30748
30704
30499
30306
30224
30170
30040
29992
29986
29972
29966
29669
29642
29641
29589
29575
29493
29471
29437
29400
29387
29376
29374
29370
29353
29345
29333
29314
29195
29130
29129
29073
29039
29037
28993
28981
28968
28908
28829
28820
28813
28807
28702
28691
28684
28574
28570
28539
28347
28286
28266
28227
28188
28166
28159
28080
28028
28022
28006
27977
27960
27855
27776
27773
27761
27760
27737
27723
27723
27577
27535
27408
27402
27351
27337
27307
27275
27214
27142
27118
27077
26953
26921
26887
26868
26862
26854
26760
26670
26659
26605
26563
26531
26467
26447
26433
26320
26297
26236
26210
26179
26122
26063
26039
25994
25969
25835
25717
25717
25715
25608
25532
25515
25515
25515
25515
25489
25485
25463
25387
25328
25288
25287
25274
25173
25168
25071
25066
25044
24902
24878
24865
24825
24814
24782
24765
24742
24668
24668
24663
24636
24635
24628
24605
24575
24515
24493
24424
24422
24405
24359
24340
24270
24232
24203
24178
24175
24164
24139
24111
24097
24056
24010
23981
23981
23980
23979
23920
23913
23895
23888
23884
23873
23841
23806
23794
23787
23773
23765
23705
23695
23689
23665
23661
23646
23642
23577
23572
23474
23466
23408
23386
23361
23267
23236
23214
23161
23156
23154
23120
23112
23067
23066
23064
23022
22981
22931
22924
22859
22836
22826
22818
22812
22811
22802
22797
22718
22682
22669
22659
22642
22635
22614
22490
22463
22461
22448
22435
22415
22348
22344
22311
22271
22217
22195
22154
22135
22048
22048
22048
22048
22040
22000
21977
21870
21863
21840
21823
21796
21760
21715
21666
21642
21612
21607
21590
21563
21533
21527
21515
21445
21442
21432
21386
21380
21322
21300
21274
21237
21221
21205
21173
21114
21108
21100
21100
21086
20990
20980
20974
20930
20883
20850
20838
20826
20756
20705
20696
20556
20521
20475
20466
20464
20448
20424
20416
20332
20304
20270
20268
20244
20185
20182
20154
20123
20066
20063
20003
19993
19974
19972
19971
19942
19926
19923
19891
19877
19874
19825
19814
19813
19812
19805
19750
19743
19721
19696
19669
19648
19631
19615
19614
19607
19582
19542
19514
19469
19433
19427
19282
19281
19277
19238
19197
19193
19189
19118
19116
19101
19095
19051
19025
18952
18947
18922
18887
18865
18853
18825
18809
18751
18724
18664
18608
18583
18559
18555
18553
18508
18500
18492
18484
18454
18379
18361
18347
18322
18312
18275
18273
18265
18238
18221
18220
18198
18176
18155
18155
18150
18144
18124
18113
18109
18095
18077
18065
18024
17959
17940
17937
17918
17909
17894
17856
17837
17800
17748
17744
17708
17660
17636
17617
17615
17605
17575
17573
17485
17465
17451
17401
17389
17370
17345
17331
17320
17304
17296
17294
17290
17261
17228
17215
17182
17172
17164
17161
17159
17143
17087
17074
17053
17031
17007
16953
16952
16940
16928
16893
16893
16870
16839
16824
16814
16797
16783
16777
16764
16759
16742
16733
16720
16710
16709
16702
16689
16665
16644
16591
16576
16560
16548
16538
16515
16467
16454
16453
16427
16409
16405
16402
16385
16365
16360
16333
16312
16302
16295
16291
16283
16268
16257
16247
16240
16222
16222
16211
16198
16155
16134
16134
16131
16124
16122
16120
16113
16112
16107
16084
16063
16043
16021
16010
15990
15974
15957
15957
15955
15937
15906
15896
15893
15892
15890
15885
15884
15881
15878
15839
15814
15812
15809
15798
15749
15731
15714
15705
15701
15698
15689
15653
15648
15646
15632
15625
15613
15609
15599
15596
15595
15595
15587
15582
15555
15553
15550
15544
15540
15532
15511
15510
15505
15496
15463
15463
15458
15455
15426
15412
15412
15406
15376
15376
15365
15362
15333
15330
15327
15316
15298
15281
15253
15249
15221
15215
15215
15204
15187
15175
15162
15158
15151
15147
15137
15123
15120
15115
15115
15107
15098
15098
15098
15085
15077
15076
15063
15058
15050
15036
15026
15024
15024
15024
15022
15022
15020
15020
15020
15020
15016
15013
15008
15004
14997
14995
14989
14979
14976
14965
14947
14933
14926
14925
14901
14898
14880
14878
14871
14862
14861
14851
14846
14843
14842
14842
14829
14814
14811
14810
14807
14794
14790
14785
14781
14780
14766
14750
14746
14742
14740
14732
14730
14729
14714
14706
14703
14703
14702
14695
14695
14688
14678
14672
14669
14649
14646
14620
14617
14565
14564
14560
14548
14547
14543
14505
14484
14482
14464
14449
14419
14415
14405
14401
14400
14399
14391
14390
14368
14365
14364
14360
14359
14358
14354
14335
14332
14327
14326
14324
14321
14321
14321
14321
14321
14315
14310
14300
14300
14298
14279
14276
14270
14264
14249
14248
14242
14242
14239
14238
14236
14228
14227
14212
14205
14200
14195
14193
14191
14190
14182
14180
14168
14151
14142
14118
14113
14103
14101
14097
14091
14088
14087
14087
14084
14081
14075
14067
14059
14044
14026
14007
14007
13995
13995
13994
13989
13984
13983
13979
13977
13973
13967
13963
13963
13959
13957
13957
13955
13951
13950
13936
13935
13929
13927
13926
13914
13910
13908
13902
13901
13897
13878
13867
13856
13835
13834
13819
13815
13796
13788
13765
13763
13760
13759
13759
13759
13753
13741
13736
13716
13701
13701
13701
13701
13700
13700
13699
13686
13684
13683
13680
13673
13670
13666
13662
13662
13644
13638
13629
13615
13606
13603
13600
13600
13600
13600
13600
13600
13600
13600
13600
13585
13583
13575
13574
13560
13559
13553
13552
13541
13539
13535
13521
13506
13505
13503
13494
13485
13483
13481
13466
13462
13461
13444
13444
13442
13435
13434
13434
13430
13427
13421
13413
13408
13407
13400
13393
13393
13379
13333
13320
13315
13312
13291
13281
13279
13279
13277
13275
13273
13267
13263
13261
13259
13251
13251
13236
13232
13228
13219
13215
13205
13184
13181
13176
13153
13152
13148
13147
13144
13144
13137
13131
13129
13125
13112
13097
13081
13074
13064
13062
13046
13029
13018
13012
13011
13011
13010
12997
12997
12976
12965
12962
12946
12940
12927
12920
12829
12800
12799
12774
12764
12763
12752
12742
12734
12712
12710
12705
12699
12661
12655
12645
12641
12637
12633
12620
12615
12610
12601
12593
12591
12571
12566
12547
12546
12544
12541
12540
12536
12523
12516
12515
12512
12511
12509
12491
12486
12471
12468
12465
12461
12448
12443
12437
12436
12430
12427
12427
12407
12400
12400
12393
12379
12351
12343
12343
12342
12339
12339
12337
12325
12325
12318
12318
12316
12316
12304
12303
12294
12291
12287
12280
12275
12252
12250
12236
12234
12221
12202
12196
12188
12184
12175
12175
12173
12172
12164
12156
12151
12138
12115
12097
12089
12084
12080
12071
12068
12064
12058
12048
12029
12004
11999
11986
11981
11977
11955
11952
11951
11950
11931
11923
11919
11918
11883
11872
11871
11866
11865
11865
11849
11848
11839
11839
11837
11834
11828
11827
11814
11813
11805
11805
11798
11798
11797
11793
11792
11789
11779
11774
11766
11753
11749
11729
11726
11718
11680
11679
11679
11678
11659
11656
11649
11623
11612
11606
11597
11594
11592
11587
11581
11580
11576
11574
11573
11572
11561
11560
11555
11553
11552
11541
11531
11503
11503
11488
11468
11467
11459
11445
11440
11438
11416
11404
11401
11396
11387
11384
11375
11373
11372
11370
11366
11361
11358
11350
11349
11344
11323
11320
11304
11302
11293
11292
11292
11273
11269
11266
11266
11266
11255
11253
11252
11251
11249
11247
11245
11236
11220
11218
11211
11202
11175
11175
11174
11169
11165
11164
11159
11152
11147
11140
11132
11132
11129
11122
11103
11103
11101
11097
11096
11091
11088
11060
11057
11057
11053
11050
11047
11042
11039
11034
11017
11014
11013
11010
11000
10997
10982
10978
10976
10973
10962
10962
10956
10954
10954
10954
10954
10934
10934
10925
10922
10906
10906
10902
10901
10901
10900
10898
10887
10884
10878
10876
10876
10873
10869
10865
10864
10863
10856
10850
10843
10836
10831
10829
10828
10828
10827
10825
10819
10808
10806
10795
10780
10780
10775
10764
10759
10756
10725
10721
10717
10715
10713
10703
10700
10684
10683
10673
10657
10650
10648
10633
10602
10600
10584
10581
10581
10575
10573
10573
10573
10573
10570
10567
10563
10562
10558
10556
10528
10514
10507
10502
10495
10491
10491
10490
10482
10479
10471
10471
10466
10461
10448
10444
10441
10429
10412
10403
10402
10398
10385
10381
10380
10376
10374
10366
10365
10365
10357
10355
10351
10351
10341
10335
10332
10322
10322
10311
10303
10291
10284
10274
10264
10261
10254
10254
10248
10248
10247
10245
10244
10235
10232
10231
10223
10215
10214
10195
10191
10181
10173
10165
10149
10147
10146
10136
10124
10123
10120
10119
10118
10117
10112
10100
10092
10074
10071
10068
10066
10048
10035
10019
10019
10014
10013
10007
10004
10001
9990
9983
9962
9962
9946
9944
9940
9938
9935
9930
9928
9925
9925
9917
9916
9910
9909
9899
9894
9881
9877
9873
9873
9866
9864
9860
9851
9844
9838
9833
9823
9818
9818
9813
9794
9790
9789
9786
9782
9766
9765
9722
9719
9714
9711
9710
9698
9688
9684
9684
9681
9679
9676
9668
9666
9661
9656
9651
9651
9649
9631
9630
9627
9613
9612
9607
9605
9599
9591
9585
9573
9562
9559
9549
9548
9542
9536
9528
9528
9524
9520
9510
9509
9503
9502
9501
9498
9491
9488
9478
9475
9466
9465
9459
9458
9457
9452
9450
9449
9438
9428
9424
9424
9413
9401
9392
9388
9386
9384
9384
9376
9371
9361
9359
9355
9349
9343
9340
9316
9315
9313
9299
9293
9277
9254
9254
9250
9247
9222
9221
9209
9207
9196
9190
9186
9182
9179
9178
9164
9162
9156
9156
9142
9140
9125
9117
9116
9111
9108
9102
9088
9088
9082
9082
9079
9079
9076
9072
9071
9058
9056
9051
9048
9041
9040
9039
9037
9033
9028
9026
9026
9021
9017
9013
9006
9006
9006
8994
8981
8975
8972
8971
8969
8968
8968
8962
8938
8932
8920
8911
8910
8907
8907
8907
8906
8878
8875
8873
8871
8868
8861
8856
8845
8820
8819
8811
8807
8798
8794
8785
8779
8765
8760
8756
8749
8737
8726
8712
8711
8709
8709
8704
8703
8694
8694
8694
8680
8675
8672
8668
8663
8635
8623
8623
8623
8623
8623
8623
8623
8607
8604
8603
8601
8599
8591
8591
8588
8585
8577
8569
8569
8568
8567
8562
8552
8535
8523
8516
8516
8515
8513
8507
8504
8504
8500
8495
8484
8483
8481
8478
8476
8472
8471
8468
8466
8464
8463
8460
8448
8448
8447
8447
8443
8441
8440
8429
8427
8416
8414
8412
8406
8387
8386
8385
8384
8382
8381
8371
8368
8361
8360
8359
8358
8354
8353
8350
8345
8333
8318
8315
8313
8312
8305
8303
8301
8299
8289
8289
8286
8282
8282
8268
8265
8263
8262
8260
8258
8255
8254
8241
8237
8235
8220
8216
8215
8211
8200
8198
8182
8177
8153
8152
8144
8142
8136
8135
8131
8118
8114
8113
8111
8111
8104
8103
8100
8097
8095
8080
8070
8059
8052
8048
8035
8020
8007
8001
8001
8001
8001
8001
7999
7989
7976
7974
7960
7955
7953
7950
7934
7932
7924
7899
7898
7897
7897
7890
7883
7882
7875
7871
7866
7861
7855
7848
7845
7839
7838
7827
7815
7814
7813
7808
7808
7797
7793
7788
7785
7780
7768
7766
7762
7760
7755
7754
7754
7754
7750
7748
7746
7744
7739
7739
7737
7735
7732
7730
7729
7727
7723
7720
7720
7720
7719
7718
7718
7715
7714
7714
7711
7709
7708
7706
7701
7697
7696
7695
7695
7688
7688
7685
7683
7680
7678
7672
7671
7661
7657
7649
7647
7644
7631
7630
7619
7618
7617
7617
7607
7603
7600
7595
7590
7586
7583
7574
7574
7563
7560
7554
7549
7543
7521
7520
7510
7510
7509
7506
7500
7496
7492
7491
7484
7481
7480
7479
7477
7467
7467
7463
7456
7454
7450
7447
7433
7432
7431
7426
7403
7401
7382
7377
7375
7373
7356
7335
7331
7323
7320
7314
7307
7300
7295
7279
7279
7276
7274
7269
7251
7250
7242
7240
7237
7235
7234
7230
7209
7201
7201
7198
7194
7187
7186
7185
7181
7180
7179
7177
7176
7174
7167
7165
7161
7148
7146
7142
7141
7132
7117
7103
7096
7083
7080
7067
7062
7059
7053
7048
7037
7035
7027
7006
7005
7003
6983
6967
6965
6963
6949
6947
6945
6940
6936
6918
6910
6902
6899
6896
6861
6856
6840
6832
6829
6822
6821
6818
6815
6810
6800
6795
6793
6791
6789
6776
6767
6765
6765
6751
6745
6735
6730
6728
6726
6725
6687
6682
6673
6673
6672
6670
6665
6663
6655
6634
6628
6612
6608
6596
6596
6590
6581
6580
6580
6578
6575
6573
6573
6562
6561
6531
6516
6510
6507
6494
6473
6471
6462
6444
6443
6439
6437
6428
6420
6411
6410
6392
6385
6380
6375
6369
6361
6359
6351
6345
6334
6329
6329
6322
6303
6301
6295
6275
6269
6262
6253
6248
6244
6244
6236
6234
6229
6222
6221
6220
6217
6214
6196
6185
6177
6175
6167
6159
6153
6153
6151
6148
6112
6107
6096
6084
6074
6057
6050
6035
6031
6027
6023
6004
5999
5997
5993
5989
5985
5983
5982
5968
5965
5962
5955
5939
5915
5912
5908
5908
5893
5872
5870
5862
5862
5855
5850
5843
5842
5840
5838
5838
5828
5824
5814
5812
5811
5809
5800
5797
5789
5783
5759
5753
5752
5746
5733
5733
5731
5731
5722
5721
5719
5717
5706
5685
5685
5684
5680
5665
5658
5652
5645
5645
5639
5636
5622
5618
5618
5617
5616
5613
5603
5596
5594
5577
5577
5571
5554
5551
5547
5541
5539
5526
5526
5505
5505
5500
5490
5470
5461
5456
5454
5444
5442
5439
5434
5434
5431
5431
5428
5428
5419
5417
5392
5391
5391
5386
5380
5374
5370
5366
5365
5365
5355
5355
5342
5341
5338
5329
5323
5315
5302
5294
5277
5256
5251
5224
5198
5188
5161
5154
5144
5139
5126
5092
5089
5087
5061
5038
5009
5009
5007
4989
4975
4974
4959
4955
4951
4949
4946
4936
4922
4916
4915
4899
4894
4874
4869
4867
4852
4848
4829
4828
4827
4816
4809
4805
4765
4741
4737
4734
4720
4698
4691
4660
4641
4635
4634
4634
4619
4585
4571
4560
4535
4520
4492
4484
4464
4456
4453
4449
4449
4445
4434
4428
4425
4423
4423
4416
4405
4392
4386
4381
4378
4378
4354
4348
4313
4306
4305
4300
4297
4276
4265
4264
4252
4233
4232
4211
4210
4209
4198
4195
4180
4169
4162
4161
4157
4156
4128
4127
4111
4068
4027
4010
4003
3950
3944
3942
3940
3931
3928
3926
3897
3896
3895
3887
3841
3816
3781
3779
3773
3744
3731
3720
3701
3699
3692
3689
3665
3651
3601
3598
3595
3570
3547
3534
3521
3502
3476
3469
3454
3454
3414
3382
3358
3353
3348
3347
3346
3328
3322
3308
3302
3265
3227
3224
3221
3219
3211
3201
3188
3184
3169
3155
3152
3089
3084
3073
3051
3042
3007
3003
3002
2997
2997
2987
2973
2972
2965
2950
2934
2904
2900
2896
2892
2886
2884
2882
2876
2868
2853
2847
2839
2838
2833
2827
2824
2824
2812
2801
2772
2764
2755
2747
2737
2712
2694
2693
2690
2676
2667
2652
2629
2617
2616
2608
2592
2557
2540
2526
2521
2506
2498
2485
2469
2428
2417
2416
2399
2393
2288
2282
2269
2179
2169
2166
2134
2132
2102
2093
2082
2065
2043
2014
2012
2004
1991
1991
1964
1878
1867
1835
1827
1824
1822
1812
1795
1753
1745
1740
1721
1714
1681
1672
1652
1641
1617
1610
1610
1609
1597
1588
1562
1552
1545
1526
1510
1509
1502
1493
1487
1473
1469
1466
1466
1465
1461
1458
1458
1449
1440
1436
1435
1435
1435
1432
1429
1427
1426
1417
1413
1408
1407
1407
1403
1402
1398
1398
1398
1397
1397
1396
1391
1387
1387
1384
1380
1343
1340
1339
1335
1326
1323
1302
1299
1297
1290
1274
1270
1263
1256
1254
1250
1242
1230
1226
1205
1203
1182
1169
1140
1118
1113
1097
1093
1090
1082
1081
1067
1049
1048
1036
1024
991
975
960
960
960
952
937
929
914
908
898
896
891
871
848
841
834
812
798
787
779
772
744
739
736
726
723
716
701
701
684
672
668
667
665
641
636
623
620
620
619
587
587
583
559
536
519
487
471
471
453
448
418
418
408
396
395
380
378
376
352
350
350
349
342
340
339
334
332
325
298
288
277
270
252
226
225
222
214
210
202
187
186
185
172
170
168
166
164
156
148
133
131
131
130
124
120
118
115
113
104
103
98
93
91
89
89
88
84
82
78
76
72
72
71
70
66
66
65
62
62
56
56
56
53
52
50
50
46
46
45
45
43
41
41
38
37
35
34
33
33
31
31
31
31
31
30
30
30
29
29
28
28
28
27
27
27
27
27
25
25
25
24
24
23
22
22
20
20
19
17
17
17
17
16
16
15
15
14
14
14
14
13
13
13
13
12
12
11
11
10
10
10
10
9
9
9
8
8
8
8
7
7
7
7
7
6
6
6
6
6
5
5
5
4
4
4
4
4
3
3
3
3
3
2
2
2
2
2
2
2
2
2
2
1
1
1
1
1
1
1
1
1
1
1
1
1
1
1
1
1
1
