970331
747140
579586
576946
559796
548639
506831
483989
456145
440130
437971
437108
430984
427630
427336
421034
399391
399090
396987
393514
386380
383008
377200
370631
361133
356088
341322
341308
339546
338218
334971
330588
328094
311078
309895
305843
304843
298642
297911
295703
292477
291328
290848
288294
286932
281386
281100
278541
276254
275477
268112
268089
265845
265121
263799
263394
262918
261942
261280
259946
259529
259313
256158
254313
254207
253680
253527
253262
252431
251214
250597
250365
249777
249531
248567
248449
238908
238533
237715
237527
237280
235311
235233
233517
232126
232012
231683
231375
229378
227255
226452
225894
225551
224759
224487
224323
224316
223625
223181
221035
220286
220220
219820
218377
218121
217860
215238
212701
212475
210913
209598
208589
207243
206197
202496
202285
201323
200144
199421
198931
198593
197048
197016
196899
196608
196063
195948
195134
192166
192062
191588
190734
190286
190142
190104
189880
189508
189441
188972
188099
186873
186641
186522
186065
185802
185740
184225
183843
183202
182318
182005
181613
180516
180143
180045
180004
179946
179682
178395
178185
177660
175791
174838
174426
173600
172661
171565
171150
170848
170270
168793
168455
166834
165673
165446
165446
165246
164879
164479
163609
162762
162373
162333
161955
161339
161204
160295
160206
160204
159839
159658
159432
157317
157081
156316
156120
156028
155926
155743
154081
154004
153690
153555
153425
153363
153286
153029
152854
152713
152600
152580
152038
150815
150762
150155
150101
150003
149898
149838
149684
149678
149487
148881
148819
148394
147716
147464
147085
146105
146034
145361
145035
144579
144567
144106
144067
143710
143436
143430
142965
142790
142756
142685
142325
142151
141644
141609
141608
141528
140845
140756
139533
139140
138821
138446
137884
137632
137459
137398
137386
137160
135629
135105
133859
133821
133770
132969
132919
132589
131694
131629
130805
130710
130547
130448
130236
129265
129051
128880
128607
128520
128088
128048
127782
127731
127210
126639
126616
126546
126514
126507
126448
126379
126192
125700
125424
125261
125159
124819
124669
124299
124188
124028
123805
123763
123719
123690
122953
122918
122509
122382
122334
122178
121811
121337
121119
120908
120147
119636
119606
119448
119409
119237
119175
118930
118875
118672
118149
118004
117386
117375
117242
116922
116602
116522
116296
116243
115394
115361
115308
115161
114614
114406
114320
114308
113819
113795
113741
113630
113516
113453
113202
112350
111726
111628
111257
111029
110759
110751
110693
110230
110106
110011
109990
109946
109659
109055
109032
108929
108726
108721
108336
108193
108184
107394
107332
107308
107227
106128
106118
105924
105602
105089
104541
104066
104015
103769
103102
102847
102619
102437
102422
102412
102338
102183
101995
101359
101279
101208
101084
100772
100349
99401
99077
99041
98701
98537
98480
98367
98269
98042
97653
97621
97572
97525
97323
97259
97257
97166
96582
96299
95920
95892
95722
95465
95432
95414
95119
95039
95016
94971
94910
94846
94699
94672
94254
94238
93683
93675
93583
93361
92849
92620
92613
92526
92100
92092
91940
91691
91165
91134
90741
90424
90293
89894
89678
89607
89398
89347
89216
89003
88789
88610
88592
88309
88289
88288
88193
87031
87015
86780
86773
86757
86425
86225
86074
85978
85857
85789
85466
85384
85264
85038
85020
84716
84713
84670
84656
84533
84319
84030
84020
83850
83522
83233
83226
83045
82856
82840
82776
82676
82650
82623
82567
82491
82443
82427
82255
82204
82112
82061
81826
81753
81705
81633
81156
81003
80794
80690
80620
80607
80526
80450
80407
80364
80240
80194
79955
79945
79927
79629
79618
79601
79557
79199
79021
78799
78795
78653
78361
78027
77943
77937
77760
77731
77637
77507
77458
77272
77111
77013
76690
76273
76081
75897
75885
75763
75758
75618
75207
75093
74956
74927
74831
74789
74767
74739
74672
74643
74563
74450
74427
74299
74106
73805
73382
73353
73224
72893
72879
72870
72761
72743
72626
72456
72424
72215
72202
72185
71933
71876
71803
71745
71730
71183
70991
70835
70669
70623
70583
70392
70359
70319
70318
70316
70041
70038
69755
69753
69629
69626
69620
69571
69423
69375
69222
69119
69101
69084
68763
68695
68652
68615
68518
68513
68478
68473
68459
68414
68378
68089
68060
67981
67955
67907
67861
67745
67697
67691
67649
67536
67456
66946
66813
66809
66792
66746
66708
66620
66475
66336
66330
66294
66060
66014
65842
65775
65764
65638
65534
65478
65425
65358
65339
65317
65094
65086
65058
65046
65041
64941
64925
64857
64814
64446
64344
64327
64279
63968
63945
63835
63749
63745
63644
63643
63643
63446
63417
63369
63236
63201
63174
63167
63096
63032
63019
62948
62925
62902
62807
62685
62595
62237
62068
61920
61906
61904
61705
61621
61581
61540
61458
61437
61380
61300
61249
60843
60785
60538
60534
60525
60508
60460
60433
60059
59963
59955
59804
59795
59773
59665
59597
59592
59370
59259
59251
59231
59079
58957
58942
58940
58825
58776
58658
58605
58538
58460
58400
58271
58150
58120
58097
58053
58047
57842
57626
57527
57430
57209
57193
57114
57075
56995
56945
56876
56820
56764
56740
56552
56451
56424
56283
56274
56127
56047
56002
55864
55811
55711
55670
55644
55481
55426
55423
55400
55383
55308
55291
55246
55211
55201
55115
55101
55035
55025
54935
54850
54845
54775
54654
54617
54544
54470
54468
54446
54331
54307
54274
54265
54184
54103
54002
53926
53914
53820
53780
53778
53733
53702
53697
53662
53616
53615
53454
53447
53432
53429
53396
53281
53264
53206
53074
53072
53063
53054
53044
52976
52880
52869
52856
52786
52582
52565
52479
52460
52444
52414
52316
52255
52127
51771
51711
51647
51621
51614
51550
51529
51499
51440
51419
51411
51383
51282
51278
51239
51168
51159
51075
51044
50966
50946
50889
50865
50814
50812
50700
50687
50668
50645
50611
50565
50541
50471
50451
50424
50413
50374
50321
50291
50254
50226
50220
50200
50030
49953
49922
49735
49685
49679
49647
49641
49627
49565
49539
49515
49509
49416
49396
49384
49283
49236
49191
49170
49163
49143
49071
49064
49060
49024
49004
48987
48916
48841
48812
48797
48569
48560
48475
48417
48390
48376
48370
48346
48345
48325
48283
48239
48214
48186
48107
48099
48060
48038
48017
48015
47978
47898
47879
47748
47736
47710
47685
47656
47629
47623
47620
47609
47602
47540
47500
47443
47424
47363
47351
47318
47291
47191
47168
47144
47142
47055
47054
46995
46933
46879
46824
46785
46776
46754
46651
46539
46531
46526
46515
46460
46459
46440
46430
46393
46182
46163
46155
46119
46041
46017
45930
45860
45842
45839
45736
45700
45691
45658
45647
45621
45620
45581
45406
45400
45394
45379
45290
45260
45257
45253
45146
45134
45118
45107
45051
44986
44922
44870
44808
44776
44739
44737
44689
44647
44587
44478
44443
44440
44435
44426
44387
44236
44217
44207
44202
44197
44165
44136
44123
44086
44074
44063
44007
43968
43922
43752
43744
43715
43704
43576
43512
43509
43502
43492
43473
43427
43425
43385
43331
43094
43082
43038
43003
42979
42976
42929
42898
42870
42868
42833
42833
42832
42782
42768
42749
42482
42423
42423
42413
42381
42315
42280
42257
42256
42181
42170
42104
42072
42010
42004
42001
41992
41952
41926
41925
41917
41898
41889
41843
41800
41752
41705
41673
41527
41491
41491
41480
41465
41371
41331
41308
41287
41283
41199
41149
41120
41008
40979
40971
40967
40955
40951
40939
40919
40885
40880
40768
40731
40728
40727
40726
40717
40704
40694
40634
40630
40613
40612
40609
40547
40539
40538
40507
40502
40485
40470
40459
40450
40446
40315
40220
40209
40172
40168
40159
40152
40130
40130
40105
40050
40041
40028
40018
40010
39954
39954
39867
39847
39810
39775
39754
39715
39690
39686
39684
39683
39618
39615
39593
39584
39549
39510
39459
39391
39355
39293
39289
39280
39274
39269
39264
39262
39235
39225
39160
39088
39029
39007
38942
38883
38871
38825
38825
38821
38776
38765
38749
38748
38692
38656
38644
38592
38483
38476
38473
38427
38416
38393
38392
38274
38269
38260
38200
38187
38090
38071
38021
37959
37937
37834
37821
37784
37749
37575
37565
37561
37509
37392
37392
37385
37369
37359
37333
37330
37262
37261
37254
37227
37224
37189
37124
37113
37075
37030
37013
37008
36965
36922
36896
36837
36748
36747
36736
36726
36721
36652
36651
36637
36625
36586
36577
36550
36509
36503
36499
36483
36429
36402
36386
36368
36358
36344
36309
36302
36254
36237
36237
36223
36203
36198
36151
36146
36139
36097
36076
36045
36032
35997
35996
35968
35960
35919
35913
35857
35849
35822
35752
35708
35686
35653
35547
35544
35498
35494
35485
35457
35436
35431
35422
35398
35364
35304
35237
35232
35165
35151
35142
35109
35102
35097
35071
35053
35049
35014
34950
34886
34878
34863
34838
34824
34823
34803
34775
34749
34736
34705
34643
34583
34573
34563
34550
34545
34469
34464
34460
34454
34405
34317
34312
34308
34295
34214
34157
34126
34075
34027
34023
34020
33994
33898
33893
33883
33866
33857
33786
33765
33758
33755
33750
33716
33691
33690
33656
33639
33632
33632
33608
33573
33558
33514
33491
33477
33471
33460
33397
33380
33338
33306
33305
33235
33230
33207
33206
33195
33188
33138
33014
33004
32963
32957
32939
32924
32889
32873
32859
32843
32817
32792
32744
32718
32715
32703
32696
32691
32678
32673
32610
32609
32609
32606
32601
32581
32554
32545
32519
32507
32500
32487
32473
32459
32441
32389
32384
32347
32344
32313
32291
32263
32257
32245
32235
32235
32226
32211
32195
32194
32188
32182
32149
32141
32093
32072
32047
31949
31936
31934
31933
31904
31902
31869
31863
31851
31840
31820
31817
31811
31803
31763
31675
31674
31672
31644
31610
31595
31553
31543
31524
31509
31462
31435
31428
31421
31409
31406
31374
31370
31327
31307
31283
31278
31211
31196
31168
31158
31078
31050
31042
31027
31000
30999
30992
30955
30944
30910
30888
30855
30820
30794
30788
30786
30785
30777
30774
30739
30728
30686
30667
30666
30633
30621
30583
30573
30525
30509
30461
30401
30394
30386
30362
30329
30311
30275
30262
30261
30252
30234
30224
30221
30207
30206
30199
30191
30184
30158
30152
30095
30058
30056
29992
29987
29977
29968
29953
29942
29941
29915
29909
29878
29821
29809
29760
29759
29735
29729
29644
29607
29603
29583
29580
29570
29562
29541
29502
29445
29429
29404
29382
29365
29328
29327
29300
29283
29235
29202
29181
29175
29143
29121
29101
29093
29091
29076
29024
29016
29016
28998
28986
28969
28968
28964
28920
28911
28899
28893
28867
28847
28800
28777
28763
28693
28685
28670
28657
28656
28632
28623
28622
28615
28611
28553
28533
28526
28518
28504
28475
28475
28456
28448
28379
28360
28343
28338
28317
28310
28296
28288
28286
28241
28213
28209
28206
28201
28193
28191
28191
28173
28099
28092
28078
28042
28041
27999
27995
27972
27972
27964
27945
27850
27838
27835
27817
27817
27802
27764
27759
27758
27749
27733
27708
27701
27698
27658
27656
27655
27654
27652
27652
27616
27592
27587
27585
27543
27495
27482
27462
27424
27420
27408
27394
27351
27299
27260
27249
27249
27237
27207
27185
27185
27166
27149
27116
27101
27062
27039
27024
27007
26999
26979
26920
26902
26888
26887
26882
26851
26851
26823
26820
26815
26807
26803
26803
26802
26778
26759
26757
26718
26715
26688
26667
26661
26655
26655
26577
26560
26544
26536
26521
26511
26499
26495
26483
26478
26475
26475
26465
26459
26440
26431
26401
26394
26386
26356
26343
26340
26332
26330
26326
26314
26304
26291
26274
26271
26270
26265
26259
26226
26219
26204
26187
26186
26182
26177
26171
26167
26164
26149
26143
26142
26126
26123
26109
26084
26057
26039
26030
26026
26006
26005
25990
25986
25973
25946
25925
25923
25907
25905
25897
25881
25866
25843
25824
25779
25759
25747
25743
25735
25730
25716
25714
25714
25712
25699
25688
25687
25663
25651
25647
25632
25609
25603
25599
25593
25585
25567
25566
25543
25515
25509
25494
25463
25462
25454
25403
25401
25388
25386
25351
25348
25342
25309
25307
25253
25250
25248
25243
25220
25206
25180
25175
25163
25154
25150
25150
25110
25096
25090
25081
25066
25023
25021
25019
25003
24989
24986
24960
24940
24936
24912
24895
24861
24859
24844
24822
24815
24810
24791
24784
24743
24720
24718
24717
24692
24665
24662
24655
24648
24624
24548
24518
24494
24468
24435
24428
24419
24357
24334
24333
24310
24305
24289
24276
24271
24269
24266
24252
24251
24225
24220
24199
24175
24146
24144
24131
24103
24088
24076
24054
24042
23996
23993
23979
23957
23922
23917
23915
23893
23890
23884
23883
23878
23859
23841
23836
23833
23808
23787
23785
23777
23769
23765
23752
23751
23743
23738
23720
23695
23688
23684
23666
23663
23629
23619
23618
23612
23606
23596
23595
23554
23549
23526
23510
23499
23498
23490
23489
23476
23436
23421
23410
23398
23394
23393
23392
23391
23364
23364
23356
23335
23317
23300
23286
23252
23252
23246
23232
23211
23199
23181
23170
23164
23161
23159
23149
23147
23129
23123
23106
23086
23075
23067
23066
23062
23054
23048
23045
23034
23024
23011
23009
22999
22980
22967
22966
22965
22958
22949
22914
22909
22907
22877
22874
22868
22864
22848
22847
22847
22839
22836
22827
22795
22777
22774
22759
22756
22747
22703
22673
22665
22651
22642
22641
22626
22624
22618
22618
22606
22599
22592
22565
22562
22552
22548
22521
22517
22505
22496
22486
22473
22469
22450
22438
22421
22418
22417
22416
22399
22393
22378
22369
22346
22299
22298
22291
22288
22270
22263
22248
22247
22246
22223
22207
22200
22175
22169
22143
22141
22133
22112
22109
22103
22103
22091
22088
22074
22071
22027
21984
21981
21975
21965
21963
21946
21940
21936
21924
21918
21910
21902
21893
21893
21891
21886
21863
21854
21845
21845
21833
21826
21817
21800
21774
21773
21760
21749
21734
21727
21725
21723
21704
21694
21689
21674
21664
21644
21638
21638
21638
21633
21633
21601
21598
21562
21554
21540
21527
21510
21508
21498
21488
21488
21487
21458
21451
21423
21418
21406
21392
21387
21371
21371
21365
21351
21325
21318
21296
21291
21288
21267
21258
21247
21239
21238
21227
21214
21207
21186
21182
21162
21130
21126
21097
21048
21045
21037
21029
21019
21015
21011
21007
21005
21004
20998
20995
20994
20993
20973
20957
20940
20937
20932
20926
20910
20909
20900
20898
20892
20892
20879
20872
20871
20870
20862
20854
20830
20829
20818
20817
20811
20811
20806
20797
20790
20783
20782
20772
20771
20768
20731
20730
20723
20710
20699
20695
20626
20613
20611
20603
20596
20588
20578
20577
20575
20545
20538
20517
20517
20509
20508
20505
20497
20495
20492
20488
20458
20450
20430
20421
20393
20381
20380
20360
20334
20325
20275
20264
20257
20250
20234
20193
20189
20185
20185
20184
20182
20180
20159
20125
20108
20107
20103
20098
20088
20085
20078
20074
20070
20063
20061
20061
20049
20043
20040
20020
20004
19997
19996
19994
19986
19979
19970
19960
19938
19936
19927
19918
19913
19911
19908
19906
19869
19866
19851
19814
19801
19773
19771
19770
19769
19763
19744
19743
19741
19738
19732
19717
19699
19687
19682
19673
19667
19654
19633
19632
19612
19601
19591
19590
19576
19574
19573
19570
19569
19553
19550
19548
19546
19537
19534
19532
19527
19519
19514
19508
19503
19498
19493
19487
19478
19473
19470
19469
19462
19460
19429
19424
19408
19407
19406
19399
19377
19362
19356
19320
19301
19296
19295
19286
19281
19270
19257
19231
19223
19216
19207
19199
19191
19185
19169
19164
19163
19152
19152
19141
19140
19127
19124
19124
19115
19114
19084
19055
19052
19047
19043
19042
19004
19002
18993
18979
18976
18976
18970
18957
18940
18936
18935
18927
18922
18919
18914
18910
18900
18898
18894
18888
18886
18884
18856
18846
18831
18829
18819
18807
18805
18801
18794
18791
18786
18779
18772
18771
18766
18764
18763
18762
18747
18727
18724
18709
18695
18693
18686
18680
18672
18664
18638
18633
18627
18624
18620
18598
18596
18587
18570
18561
18559
18557
18557
18545
18540
18538
18524
18518
18510
18508
18500
18496
18491
18471
18467
18450
18448
18446
18435
18428
18426
18424
18422
18417
18405
18389
18388
18382
18380
18352
18350
18321
18309
18304
18301
18294
18274
18265
18259
18254
18228
18222
18221
18211
18210
18204
18188
18182
18161
18142
18140
18122
18120
18114
18110
18109
18093
18092
18089
18079
18074
18061
18018
18016
18011
18006
18001
17994
17990
17985
17982
17969
17953
17930
17930
17914
17912
17908
17906
17903
17897
17852
17841
17830
17825
17822
17822
17821
17820
17804
17797
17793
17785
17781
17781
17770
17744
17736
17727
17701
17700
17699
17695
17695
17693
17691
17689
17685
17671
17665
17629
17612
17610
17609
17594
17583
17566
17564
17553
17546
17541
17533
17529
17522
17520
17516
17508
17500
17500
17490
17489
17476
17466
17466
17464
17449
17425
17418
17416
17409
17402
17393
17393
17380
17374
17356
17350
17344
17339
17332
17321
17296
17295
17293
17277
17276
17273
17265
17255
17247
17226
17215
17215
17213
17208
17207
17200
17188
17151
17115
17102
17093
17093
17049
17044
17023
17015
17014
17005
17005
16999
16983
16982
16981
16975
16968
16964
16957
16955
16954
16931
16931
16927
16923
16920
16913
16903
16900
16899
16892
16882
16873
16860
16859
16858
16852
16835
16834
16830
16824
16817
16815
16813
16799
16782
16781
16769
16768
16765
16759
16758
16733
16711
16707
16707
16691
16682
16670
16658
16653
16645
16636
16621
16616
16607
16603
16558
16557
16549
16531
16529
16518
16518
16496
16495
16490
16488
16482
16479
16463
16463
16461
16446
16438
16424
16424
16423
16408
16393
16377
16360
16347
16342
16341
16330
16329
16327
16316
16307
16307
16305
16294
16279
16274
16253
16234
16232
16226
16213
16194
16186
16170
16164
16163
16161
16146
16143
16141
16135
16134
16133
16121
16116
16114
16105
16103
16096
16085
16082
16076
16074
16073
16072
16069
16060
16058
16045
16032
16016
16013
16002
15985
15984
15981
15973
15961
15951
15944
15943
15941
15939
15938
15930
15924
15881
15875
15872
15869
15868
15866
15864
15862
15844
15837
15835
15825
15798
15786
15775
15764
15760
15719
15710
15701
15699
15687
15678
15668
15667
15665
15645
15631
15623
15620
15601
15593
15590
15566
15564
15561
15559
15554
15540
15538
15536
15533
15523
15517
15509
15501
15493
15488
15484
15472
15468
15467
15451
15441
15436
15413
15407
15399
15396
15382
15376
15362
15360
15333
15329
15326
15317
15309
15302
15270
15268
15258
15258
15255
15247
15237
15233
15200
15196
15186
15168
15162
15143
15119
15118
15116
15108
15099
15099
15097
15094
15089
15080
15077
15074
15074
15065
15051
15048
15036
15026
15020
15006
15001
14991
14989
14974
14941
14935
14920
14919
14914
14906
14893
14885
14881
14879
14878
14872
14871
14856
14851
14846
14843
14829
14826
14821
14820
14815
14813
14811
14801
14798
14794
14771
14770
14770
14762
14761
14757
14738
14734
14733
14731
14707
14706
14704
14675
14673
14660
14629
14611
14609
14603
14601
14588
14585
14583
14570
14569
14568
14551
14540
14538
14525
14521
14516
14511
14510
14507
14488
14482
14479
14475
14452
14452
14447
14438
14437
14430
14424
14423
14420
14410
14407
14406
14398
14384
14380
14380
14370
14364
14360
14360
14356
14349
14345
14315
14311
14308
14304
14266
14263
14261
14246
14242
14241
14213
14206
14195
14193
14177
14171
14164
14153
14152
14148
14146
14127
14122
14098
14089
14087
14086
14083
14063
14051
14050
14046
14042
14039
14035
14023
14014
14000
13999
13996
13993
13990
13989
13986
13969
13966
13956
13940
13939
13929
13924
13915
13892
13887
13870
13866
13865
13859
13858
13845
13839
13825
13812
13806
13794
13794
13792
13782
13781
13774
13773
13767
13762
13751
13750
13743
13740
13739
13734
13718
13714
13709
13695
13695
13679
13676
13668
13647
13640
13637
13631
13608
13606
13577
13572
13570
13561
13556
13550
13531
13530
13526
13519
13494
13486
13483
13481
13465
13455
13453
13452
13444
13423
13420
13375
13361
13358
13347
13346
13337
13321
13316
13303
13295
13290
13265
13263
13263
13262
13243
13243
13234
13230
13224
13223
13221
13220
13203
13189
13189
13188
13181
13173
13164
13161
13142
13117
13105
13086
13085
13078
13073
13073
13055
13052
13040
13034
13009
13004
12997
12992
12992
12991
12985
12981
12970
12967
12943
12935
12918
12918
12915
12908
12907
12897
12892
12874
12870
12860
12847
12845
12837
12834
12830
12830
12821
12821
12812
12811
12799
12789
12782
12780
12770
12767
12757
12724
12709
12705
12699
12686
12683
12676
12667
12634
12625
12617
12603
12590
12582
12575
12573
12569
12559
12558
12528
12520
12519
12518
12515
12507
12494
12494
12477
12474
12465
12456
12448
12447
12447
12437
12419
12406
12405
12400
12399
12383
12375
12363
12360
12347
12342
12329
12320
12308
12284
12270
12268
12262
12253
12239
12237
12230
12209
12207
12205
12204
12189
12179
12175
12162
12150
12148
12145
12110
12102
12101
12091
12063
12053
12045
12038
12031
12026
12022
12001
11985
11985
11958
11954
11953
11931
11927
11918
11914
11912
11882
11876
11872
11861
11859
11840
11828
11820
11817
11805
11803
11800
11784
11783
11780
11766
11755
11754
11740
11734
11705
11698
11690
11681
11675
11665
11660
11654
11633
11615
11604
11597
11589
11573
11573
11568
11559
11554
11552
11545
11535
11512
11495
11495
11479
11472
11470
11465
11458
11428
11405
11404
11403
11388
11387
11381
11365
11353
11346
11333
11326
11325
11305
11276
11261
11248
11237
11230
11228
11222
11218
11205
11198
11182
11170
11166
11165
11163
11154
11139
11129
11107
11100
11088
11086
11065
11063
11058
11041
11032
11024
11001
10996
10993
10971
10970
10951
10950
10941
10933
10925
10922
10901
10896
10874
10856
10852
10849
10838
10823
10811
10800
10778
10775
10774
10771
10770
10743
10730
10714
10711
10709
10707
10706
10688
10683
10673
10671
10670
10665
10657
10655
10630
10630
10617
10613
10611
10610
10600
10593
10579
10563
10563
10549
10546
10524
10524
10512
10448
10438
10434
10428
10391
10367
10356
10350
10340
10339
10334
10322
10320
10319
10301
10292
10281
10275
10259
10256
10252
10233
10230
10230
10223
10223
10178
10163
10151
10149
10128
10125
10102
10095
10063
10059
10056
10055
10032
10022
10008
9996
9995
9942
9878
9878
9872
9868
9868
9836
9825
9817
9814
9767
9755
9727
9713
9712
9708
9696
9681
9675
9672
9660
9658
9645
9626
9620
9608
9604
9590
9583
9582
9566
9564
9545
9538
9500
9481
9467
9447
9440
9421
9417
9416
9385
9353
9335
9326
9320
9289
9267
9253
9218
9213
9209
9203
9178
9160
9157
9143
9118
9114
9099
9071
9065
9056
9016
9013
9012
8993
8968
8942
8934
8884
8853
8851
8832
8824
8798
8767
8731
8691
8621
8611
8571
8566
8536
8528
8493
8474
8463
8457
8456
8455
8382
8376
8363
8334
8322
8297
8191
8171
8164
8141
8123
8107
8107
8106
8100
8090
8089
8076
8061
8005
7981
7980
7977
7962
7915
7915
7823
7815
7802
7764
7744
7728
7722
7710
7664
7647
7631
7621
7596
7551
7517
7469
7464
7464
7461
7431
7422
7417
7345
7320
7315
7285
7257
7239
7228
7216
7186
7182
7150
7126
7122
7105
7042
7029
7015
7000
6964
6958
6926
6913
6883
6882
6877
6792
6786
6767
6758
6730
6726
6696
6655
6638
6630
6628
6627
6605
6579
6503
6499
6423
6400
6393
6340
6320
6306
6183
6163
6158
6130
6078
6070
5972
5953
5947
5931
5845
5830
5813
5738
5690
5665
5615
5573
5560
5547
5412
5404
5365
5363
5327
5325
5287
5254
5247
5247
5198
5189
5184
5178
5083
5015
4934
4835
4806
4791
4786
4761
4735
4683
4677
4619
4605
4601
4593
4556
4506
4491
4453
4408
4387
4364
4362
4356
4353
4319
4302
4249
4229
4228
4206
4193
4190
4148
4110
4040
3974
3907
3814
3789
3787
3770
3741
3683
3644
3626
3583
3577
3574
3550
3539
3527
3471
3454
3442
3439
3415
3402
3360
3341
3330
3270
3221
3213
3198
3188
3185
3177
3168
3166
3147
3144
3123
3106
3099
3093
3092
3051
3012
2975
2969
2965
2954
2941
2913
2892
2878
2873
2873
2846
2846
2837
2832
2826
2826
2809
2808
2751
2672
2657
2657
2641
2597
2588
2574
2566
2561
2558
2539
2496
2484
2476
2466
2442
2422
2408
2405
2400
2368
2363
2354
2354
2294
2266
2238
2231
2202
2198
2183
2159
2144
2119
2092
2089
2073
2069
2022
2015
2011
1969
1965
1964
1954
1951
1950
1948
1911
1877
1859
1821
1820
1808
1804
1781
1768
1745
1705
1654
1654
1642
1592
1562
1532
1531
1512
1509
1506
1503
1478
1423
1411
1400
1387
1362
1360
1350
1304
1303
1295
1263
1256
1252
1236
1173
1156
1130
1113
1083
1014
994
973
966
919
917
898
887
857
844
838
837
829
803
786
778
777
766
758
745
736
735
722
700
696
676
669
647
638
631
631
615
575
560
538
536
529
521
482
474
457
446
439
438
438
434
431
425
420
412
394
390
382
366
361
356
352
322
313
313
311
307
300
274
272
262
255
253
236
224
223
217
197
189
188
185
175
169
168
161
160
144
142
141
124
122
119
112
105
100
100
96
85
81
81
67
64
61
54
52
50
49
44
42
38
38
36
35
34
32
32
32
32
32
30
25
21
21
19
19
18
18
17
16
15
15
15
15
13
13
10
8
7
7
6
4
3
2
2
1
1
1
