1063945
1005456
744287
737858
714646
696596
671163
660721
658372
636876
623192
610411
604441
583058
574116
565004
556547
530664
529493
527830
519222
517470
513023
511017
501948
501820
489334
488992
475768
464730
460120
458986
458438
451116
446894
443701
437201
432034
430861
430122
426447
426091
418806
417468
413576
411056
408857
403844
400718
395677
393722
386368
386146
382242
382092
378799
367515
367199
367190
367065
364592
358405
358070
357334
356119
351513
351477
344270
343587
339508
338680
337106
331617
329370
328905
328644
327584
325263
325029
324012
323749
323330
322280
320909
319311
316498
316254
316197
315754
314381
314280
313137
312738
307995
304101
303831
303429
303047
301867
301752
300024
298911
296921
296746
292729
292341
291906
291674
289674
289658
289067
286001
285937
282535
282521
282480
280784
279816
279019
278957
278045
277374
277093
277006
276789
273310
273247
271425
271234
270053
269990
269110
268632
267715
264009
262760
262057
260927
260487
258963
256312
255996
255903
255609
255344
254330
254013
253410
252942
252867
251858
251832
251001
250057
248053
247982
247833
247820
247352
246390
246355
245276
245270
245114
244777
243595
241449
240716
240483
239645
238845
238814
238797
238235
238062
238004
236976
236247
235987
235761
235518
234736
234716
233968
233750
233514
232463
232009
230414
230398
230268
230224
229456
229274
228333
226525
226301
226038
225526
225426
225244
224955
224592
224494
223485
222850
222210
221627
221083
219549
219547
219545
218712
217904
216796
216080
216002
215395
215388
214511
212258
212124
211637
211369
211251
211113
210861
210813
210776
210719
209551
209190
207830
207246
206672
206343
206094
205931
204587
203958
203324
202872
202353
201475
200192
199989
199165
197879
197231
196949
196426
196160
195132
194655
194216
193797
193259
191004
190408
190221
190179
189652
188545
188465
187379
187048
186781
185720
185017
184740
184279
183463
182489
182433
182383
182332
181803
181042
180828
179154
178755
178647
178514
178424
177508
176890
176712
175841
175730
174771
173924
173563
172628
172103
170612
170480
170281
168161
167592
167256
167246
166314
166312
166028
165996
165004
164601
164210
163859
163718
163669
162819
161943
161217
160901
160822
159966
159911
158281
158038
157274
156795
156279
155612
155106
155050
154162
153695
153570
153178
153112
152876
151614
149189
148263
148238
147415
147372
147133
146012
145862
145665
145637
145525
144332
143728
143557
143267
143177
142755
142714
142411
142169
141686
141559
141143
141118
141071
140358
140351
140078
140018
139400
139255
138653
138478
138350
137437
137126
136999
136948
136783
136615
136607
136530
135512
134658
134609
134462
134300
134297
133195
131547
131215
130545
130383
129025
128318
127968
127948
127868
127737
127611
127006
126968
126936
126490
125914
125318
124974
124802
124722
124439
124031
123732
123533
123468
123370
122831
122205
122182
122044
121673
120653
120409
119904
119776
119702
119450
119234
118064
117927
117802
116279
116151
115833
115703
115372
115266
115204
114754
114590
114442
114090
113385
113290
112642
112278
112240
111880
111700
111414
111144
110358
109941
109822
109557
109236
108282
108138
108023
108012
107747
107690
107615
107555
107313
106666
106426
106187
106123
105952
105387
105290
104968
104604
104412
104145
103964
103951
103548
103423
103213
103196
103172
103101
102891
102797
102705
102347
102311
102296
102254
102227
102022
101682
101631
100948
100863
100761
100747
100698
100454
100399
100361
100082
99784
99782
99575
99442
99305
98852
98648
98519
98485
98424
98210
97476
97454
97428
97324
97152
97121
96674
96640
96453
96401
96305
96053
95492
95350
95118
95042
94940
94765
94322
94189
94020
93744
93629
93226
93225
92959
92932
92060
91953
91933
91681
91653
91466
91440
91427
91403
91214
91122
91122
91055
91001
90990
90917
90728
90608
90604
90575
90427
90424
90317
90248
89887
89756
89515
89454
89414
89177
89038
88430
88234
87712
87592
87587
87341
87279
87161
87115
86988
86748
86728
86695
86676
86633
86616
86413
86078
86032
86029
86005
85959
85918
85521
85223
84939
84759
84598
84569
84491
84431
84224
84051
83929
83822
83808
83776
83768
83666
83205
83192
83186
83182
83117
82973
82967
82943
82936
82797
82734
82470
82422
82334
82294
82174
82121
82048
82042
81956
81950
81940
81819
81746
81618
81581
81515
80914
80574
80570
80541
80518
80393
80213
80080
79962
79796
79539
79486
79477
79275
78977
78945
78775
78567
78496
78384
78375
78355
78285
78123
78114
77753
77557
77518
77514
77416
77364
77300
77232
77220
77208
77192
77000
76780
76550
76452
76357
76342
76057
75800
75748
75593
75577
75552
75493
75491
75479
75354
75268
75263
75195
75124
75032
74860
74674
74546
74448
74332
74307
74265
74165
74157
74010
73956
73700
73505
73127
73003
72986
72955
72885
72610
72582
72498
72497
72475
72433
72417
72400
72393
72282
72238
72162
72014
71987
71945
71769
71702
71687
71538
71311
71149
70963
70850
70433
70371
70318
70289
70025
69969
69914
69902
69837
69757
69685
69663
69652
69584
69568
69526
69507
69503
69475
69272
69238
68974
68916
68910
68845
68831
68734
68705
68551
68518
68196
68149
68118
68088
67975
67898
67759
67744
67567
67560
67516
67377
67209
67176
67078
66969
66710
66564
66359
66244
66108
65996
65902
65836
65775
65757
65756
65688
65632
65581
65470
65240
65147
65126
65118
65025
65005
64995
64962
64914
64843
64813
64789
64670
64501
64466
64327
64293
64020
63891
63888
63794
63748
63722
63664
63653
63625
63559
63493
63472
63458
63440
63267
63226
63131
63064
63051
62863
62822
62733
62695
62621
62598
62583
62552
62482
62317
62294
62211
62193
62180
62108
62103
62099
62011
62000
61970
61957
61693
61581
61487
61472
61418
61394
61388
61336
61261
61242
61051
60944
60892
60861
60839
60653
60576
60540
60509
60498
60450
60278
60251
60248
60221
60156
60006
59973
59951
59902
59719
59715
59669
59634
59600
59596
59509
59485
59415
59345
59341
59333
59223
59059
58910
58789
58703
58611
58585
58557
58525
58479
58473
58422
58396
58379
58356
58330
58225
58185
58153
58153
58080
57973
57935
57879
57787
57763
57743
57531
57508
57473
57213
57161
57115
57068
56956
56942
56846
56846
56474
56446
56413
56294
56263
56224
56222
56199
56154
56139
56034
55983
55964
55896
55830
55823
55822
55817
55808
55565
55559
55534
55528
55513
55434
55399
55229
55197
55147
55129
55057
55050
55039
55013
54978
54965
54910
54879
54878
54742
54718
54670
54656
54628
54449
54353
54308
54208
54163
54106
54105
54103
54069
54014
53965
53958
53953
53834
53829
53774
53688
53539
53483
53427
53250
53182
53165
53140
53086
53031
52981
52974
52877
52877
52748
52747
52701
52574
52573
52557
52549
52482
52473
52463
52436
52387
52385
52380
52343
52283
52245
52224
52123
52077
52050
52025
52009
51997
51985
51950
51945
51936
51888
51832
51779
51606
51581
51530
51529
51529
51460
51417
51320
51304
51296
51287
51271
51256
51208
51130
51125
51021
50926
50918
50881
50864
50839
50810
50792
50782
50762
50688
50686
50590
50587
50575
50573
50545
50532
50497
50437
50391
50388
50242
50149
50043
50036
50023
50006
49953
49848
49844
49822
49790
49735
49735
49595
49591
49518
49494
49461
49445
49369
49327
49267
49162
49147
49095
49029
48962
48865
48712
48704
48691
48688
48677
48675
48610
48594
48591
48569
48532
48397
48379
48356
48299
48195
48157
48116
48116
48078
47981
47916
47894
47783
47739
47685
47494
47489
47487
47480
47470
47418
47340
47262
47240
47129
47112
47073
47068
47057
47052
47008
46942
46927
46923
46908
46900
46887
46838
46768
46768
46667
46635
46633
46615
46609
46516
46454
46448
46439
46419
46410
46381
46357
46337
46281
46271
46249
46219
46213
46203
46168
46135
46128
46059
46048
45986
45970
45891
45872
45859
45833
45826
45811
45754
45742
45722
45719
45716
45652
45638
45524
45470
45322
45316
45238
45225
45224
45183
45173
45159
45125
45066
45035
45024
44992
44990
44909
44839
44785
44721
44651
44627
44616
44478
44443
44387
44379
44377
44342
44302
44285
44277
44213
44196
44171
44146
44129
44100
44048
44003
43947
43811
43786
43781
43769
43750
43635
43629
43595
43533
43491
43470
43360
43292
43224
43211
43184
43158
43104
43055
43048
43039
42999
42958
42931
42842
42794
42791
42737
42637
42613
42565
42525
42521
42495
42493
42468
42461
42400
42393
42380
42370
42338
42300
42273
42250
42195
42178
42163
42129
42094
42091
42079
42064
41951
41854
41840
41788
41776
41762
41752
41731
41730
41710
41705
41689
41675
41668
41649
41605
41590
41539
41526
41497
41484
41476
41464
41456
41442
41419
41418
41371
41361
41357
41312
41311
41214
41210
41191
41171
41118
41115
41060
41012
41003
40952
40951
40945
40933
40923
40852
40778
40770
40739
40699
40693
40672
40666
40657
40653
40637
40624
40525
40487
40485
40479
40460
40395
40378
40351
40302
40301
40279
40196
40177
40173
40143
40139
40105
40075
40073
40057
40046
40009
40000
39998
39998
39987
39984
39971
39962
39945
39934
39933
39922
39919
39918
39913
39913
39913
39909
39907
39903
39856
39854
39810
39696
39687
39677
39665
39628
39609
39577
39556
39538
39529
39524
39517
39504
39471
39440
39430
39368
39334
39312
39290
39260
39245
39242
39235
39219
39209
39187
39177
39170
39113
39096
39088
39045
39044
38955
38953
38865
38834
38820
38805
38746
38651
38646
38638
38602
38600
38552
38507
38485
38481
38481
38478
38470
38397
38371
38368
38298
38293
38253
38251
38202
38192
38187
38108
38055
38009
37985
37960
37946
37935
37890
37868
37853
37843
37751
37731
37730
37718
37681
37643
37629
37612
37542
37539
37445
37397
37397
37397
37367
37327
37294
37285
37232
37211
37185
37177
37161
37143
37108
37088
37001
36968
36913
36883
36877
36875
36871
36870
36848
36836
36829
36815
36753
36708
36654
36623
36580
36558
36540
36539
36500
36487
36471
36454
36447
36436
36433
36430
36404
36386
36381
36368
36362
36312
36299
36295
36288
36247
36229
36155
36144
36141
36125
36102
36018
36005
35967
35963
35955
35939
35926
35922
35911
35870
35819
35811
35797
35795
35757
35739
35694
35643
35591
35563
35543
35505
35479
35462
35456
35419
35410
35392
35339
35296
35289
35275
35234
35228
35192
35188
35165
35157
35130
35101
35088
35087
35085
35042
34963
34955
34904
34901
34870
34864
34841
34802
34800
34762
34680
34663
34662
34640
34629
34618
34564
34527
34526
34508
34503
34487
34453
34409
34400
34390
34387
34386
34377
34371
34351
34272
34272
34215
34206
34196
34188
34187
34172
34165
34128
34118
34051
34051
34028
34008
33983
33949
33913
33891
33875
33857
33851
33837
33822
33811
33722
33708
33658
33640
33627
33618
33611
33594
33588
33587
33578
33560
33545
33506
33468
33445
33427
33393
33390
33381
33366
33363
33329
33320
33320
33303
33288
33271
33222
33208
33187
33177
33163
33144
33139
33139
33128
33098
33096
33095
33071
33044
33041
33029
33001
32913
32911
32896
32879
32875
32860
32854
32838
32838
32805
32793
32782
32760
32749
32726
32693
32668
32666
32651
32651
32640
32585
32574
32546
32538
32508
32452
32414
32366
32347
32347
32346
32335
32333
32327
32320
32298
32290
32285
32268
32254
32230
32203
32182
32157
32129
32116
32084
32061
32060
32039
32008
31958
31895
31871
31830
31813
31805
31776
31732
31688
31665
31660
31626
31619
31617
31595
31563
31559
31536
31531
31517
31514
31495
31456
31455
31432
31428
31403
31402
31388
31385
31382
31366
31314
31311
31299
31288
31286
31282
31256
31246
31226
31212
31150
31127
31110
31096
31086
31071
31050
31049
31019
30988
30971
30964
30962
30936
30924
30903
30887
30861
30853
30825
30823
30813
30808
30795
30787
30771
30725
30705
30698
30676
30673
30656
30634
30621
30600
30593
30592
30582
30552
30548
30530
30509
30508
30495
30448
30447
30441
30352
30266
30215
30212
30194
30143
30116
30109
30063
30052
30044
30038
30032
30029
30007
29977
29943
29936
29927
29906
29888
29885
29878
29875
29845
29814
29810
29791
29787
29769
29741
29676
29674
29589
29582
29571
29544
29530
29457
29447
29447
29443
29415
29408
29383
29375
29366
29341
29334
29298
29282
29268
29251
29249
29209
29190
29180
29143
29114
29108
29069
29062
29042
29022
29016
28999
28979
28973
28937
28896
28896
28892
28866
28861
28845
28825
28788
28783
28703
28693
28681
28664
28659
28654
28618
28600
28576
28573
28572
28548
28545
28535
28518
28499
28492
28489
28458
28447
28438
28413
28395
28391
28373
28355
28343
28294
28285
28277
28208
28205
28189
28166
28164
28157
28155
28151
28137
28126
28110
28101
28083
28065
28045
27969
27936
27933
27925
27924
27912
27894
27867
27855
27853
27845
27841
27837
27828
27779
27772
27769
27765
27755
27749
27721
27718
27714
27703
27700
27688
27685
27675
27666
27656
27642
27635
27632
27625
27592
27556
27552
27537
27466
27457
27435
27408
27378
27354
27346
27327
27326
27310
27307
27294
27272
27264
27237
27174
27157
27140
27137
27124
27112
27100
27075
27054
27024
26997
26991
26981
26941
26930
26908
26902
26893
26832
26817
26810
26781
26762
26755
26746
26745
26730
26729
26721
26714
26691
26671
26625
26622
26588
26570
26535
26494
26459
26454
26453
26444
26436
26422
26420
26412
26401
26349
26343
26341
26341
26324
26323
26320
26309
26301
26279
26278
26275
26275
26264
26258
26247
26219
26196
26180
26158
26126
26114
26099
26078
26043
26033
26028
26025
26023
26022
26020
26012
25996
25991
25986
25984
25975
25960
25934
25913
25905
25855
25851
25833
25825
25821
25801
25787
25772
25749
25699
25694
25616
25607
25588
25584
25580
25564
25556
25537
25530
25510
25455
25446
25435
25431
25408
25391
25388
25381
25375
25373
25365
25356
25334
25323
25318
25315
25238
25216
25197
25195
25194
25188
25172
25171
25112
25109
25102
25092
25087
25071
25070
25010
25008
24998
24996
24990
24975
24966
24935
24921
24907
24838
24835
24816
24804
24792
24782
24779
24768
24767
24762
24755
24747
24732
24713
24707
24700
24696
24671
24636
24628
24624
24624
24606
24603
24571
24536
24528
24517
24493
24483
24471
24459
24453
24447
24447
24439
24435
24434
24433
24366
24346
24343
24340
24319
24295
24271
24238
24220
24195
24190
24177
24170
24159
24158
24139
24134
24133
24119
24104
24085
24063
24061
24038
24035
23974
23945
23934
23927
23927
23922
23918
23917
23901
23887
23878
23876
23868
23862
23858
23844
23826
23823
23823
23774
23765
23762
23757
23752
23752
23747
23734
23726
23715
23702
23697
23687
23682
23672
23666
23656
23653
23652
23625
23623
23616
23616
23606
23592
23565
23563
23544
23533
23513
23507
23490
23483
23443
23405
23403
23400
23382
23377
23350
23345
23327
23309
23296
23291
23282
23264
23264
23249
23249
23240
23195
23176
23168
23165
23152
23145
23141
23125
23121
23108
23092
23049
23046
23027
23023
23020
23016
23016
23005
22983
22938
22913
22907
22886
22856
22849
22845
22843
22833
22809
22774
22759
22753
22728
22723
22699
22674
22663
22655
22654
22651
22645
22624
22583
22581
22579
22576
22565
22565
22539
22534
22528
22527
22526
22507
22505
22504
22486
22470
22467
22452
22438
22396
22391
22376
22365
22361
22355
22333
22308
22299
22299
22283
22266
22241
22230
22213
22212
22207
22189
22183
22156
22153
22151
22148
22146
22139
22138
22123
22111
22110
22104
22103
22096
22094
22091
22086
22080
22046
22029
22026
22021
22020
22009
22006
21989
21960
21932
21925
21916
21916
21908
21869
21824
21815
21810
21809
21800
21790
21781
21779
21777
21729
21721
21680
21652
21645
21639
21622
21616
21580
21574
21529
21529
21529
21522
21507
21495
21493
21484
21481
21475
21464
21462
21431
21417
21394
21393
21382
21350
21340
21337
21337
21305
21269
21264
21252
21241
21240
21227
21225
21206
21171
21165
21111
21104
21098
21095
21091
21045
21041
21024
21014
20981
20963
20948
20929
20923
20917
20868
20861
20858
20841
20839
20832
20813
20764
20763
20763
20754
20716
20715
20712
20688
20684
20681
20678
20675
20660
20632
20624
20545
20538
20513
20505
20484
20483
20480
20472
20462
20440
20436
20427
20415
20409
20374
20359
20350
20322
20320
20304
20296
20287
20282
20265
20262
20243
20218
20213
20212
20206
20200
20194
20192
20131
20125
20125
20113
20100
20093
20087
20077
20044
20025
20013
19998
19992
19963
19955
19947
19945
19937
19927
19911
19910
19907
19905
19889
19888
19853
19838
19836
19833
19824
19816
19808
19806
19777
19765
19754
19752
19732
19719
19719
19695
19689
19625
19613
19609
19605
19605
19586
19573
19563
19549
19538
19510
19505
19494
19461
19459
19441
19432
19423
19409
19406
19375
19368
19367
19348
19348
19342
19329
19297
19294
19283
19277
19271
19269
19230
19223
19219
19212
19205
19202
19186
19173
19142
19136
19134
19129
19114
19111
19097
19096
19095
19073
19064
19061
19026
19015
19007
18994
18984
18981
18975
18951
18949
18949
18940
18929
18927
18887
18881
18872
18871
18861
18860
18845
18829
18821
18820
18812
18810
18794
18787
18786
18784
18774
18756
18738
18735
18733
18712
18709
18683
18673
18664
18659
18656
18656
18603
18602
18577
18576
18566
18565
18557
18537
18525
18519
18497
18485
18484
18484
18476
18467
18441
18418
18415
18401
18367
18356
18352
18335
18333
18327
18299
18282
18272
18265
18254
18252
18252
18230
18206
18204
18204
18190
18188
18168
18123
18121
18108
18090
18087
18072
18047
18036
18035
18029
18026
18023
18020
18004
18002
18000
17998
17987
17974
17960
17940
17926
17921
17871
17867
17862
17845
17843
17839
17839
17829
17798
17789
17764
17763
17752
17724
17714
17697
17696
17656
17643
17638
17638
17633
17622
17615
17603
17573
17550
17549
17549
17536
17526
17519
17515
17495
17451
17447
17431
17423
17417
17411
17407
17401
17396
17383
17381
17381
17376
17372
17337
17329
17317
17308
17303
17285
17281
17258
17257
17252
17245
17240
17239
17211
17209
17189
17181
17170
17168
17164
17154
17153
17118
17070
17067
17064
17064
17048
17029
17029
17002
16964
16946
16938
16933
16921
16917
16910
16902
16900
16893
16872
16870
16865
16861
16861
16843
16809
16805
16778
16772
16765
16757
16742
16720
16716
16695
16691
16688
16645
16632
16615
16613
16603
16595
16571
16561
16552
16551
16541
16530
16466
16460
16455
16429
16411
16392
16391
16385
16375
16372
16363
16357
16354
16353
16346
16315
16308
16304
16289
16289
16274
16265
16263
16261
16253
16246
16243
16221
16211
16211
16209
16204
16186
16185
16183
16178
16158
16143
16134
16129
16128
16128
16120
16110
16110
16096
16088
16085
16043
16036
16023
16017
15975
15950
15946
15945
15943
15927
15908
15898
15859
15849
15828
15824
15817
15807
15803
15802
15786
15762
15756
15725
15721
15705
15701
15684
15675
15672
15654
15643
15641
15628
15598
15582
15580
15578
15574
15558
15551
15529
15525
15506
15500
15487
15478
15471
15464
15464
15452
15450
15448
15447
15443
15427
15399
15397
15382
15376
15351
15350
15350
15338
15328
15322
15310
15296
15272
15271
15269
15265
15237
15218
15217
15193
15149
15149
15141
15141
15138
15134
15111
15098
15054
15038
15032
15025
15005
14980
14901
14854
14836
14830
14824
14808
14807
14789
14780
14779
14768
14767
14758
14745
14724
14714
14709
14639
14631
14583
14577
14575
14574
14546
14538
14525
14521
14518
14490
14464
14435
14432
14432
14427
14408
14407
14399
14370
14334
14324
14290
14279
14271
14211
14210
14208
14200
14196
14164
14161
14150
14143
14142
14137
14123
14118
14114
14098
14097
14056
14045
14040
14034
14019
14010
14004
14002
13984
13965
13962
13954
13950
13940
13927
13894
13891
13877
13861
13839
13831
13799
13791
13785
13778
13768
13765
13737
13735
13707
13704
13702
13661
13642
13627
13601
13573
13552
13546
13542
13517
13513
13503
13475
13464
13453
13453
13428
13425
13404
13401
13375
13354
13343
13340
13340
13312
13309
13297
13280
13275
13262
13262
13231
13218
13185
13139
13136
13129
13108
13091
13083
13079
13072
13027
12987
12975
12975
12960
12956
12892
12878
12858
12819
12802
12787
12782
12753
12752
12725
12716
12660
12648
12647
12609
12597
12595
12585
12568
12551
12547
12541
12537
12480
12474
12441
12427
12420
12400
12373
12366
12366
12366
12324
12317
12296
12284
12279
12246
12212
12210
12206
12195
12157
12080
12052
12037
11995
11952
11949
11947
11938
11896
11894
11868
11838
11837
11819
11789
11767
11767
11735
11731
11715
11654
11634
11632
11592
11583
11582
11571
11566
11559
11538
11531
11466
11464
11439
11431
11429
11406
11375
11374
11357
11353
11341
11331
11317
11310
11289
11282
11269
11256
11254
11241
11205
11193
11178
11165
11120
11119
11116
11067
11065
11043
11042
11019
11014
11013
10917
10914
10868
10831
10826
10791
10764
10757
10732
10710
10702
10660
10606
10595
10579
10544
10510
10492
10479
10461
10455
10447
10427
10417
10398
10350
10337
10327
10309
10293
10257
10209
10187
10177
10169
10149
10134
10127
10109
10073
10053
10046
10042
10035
10035
10034
9986
9916
9910
9907
9904
9893
9887
9887
9864
9833
9826
9789
9753
9739
9669
9658
9657
9591
9581
9581
9567
9546
9542
9503
9503
9456
9400
9390
9386
9383
9364
9331
9325
9313
9293
9291
9288
9265
9157
9139
9126
9101
9095
9092
9067
9058
9043
8994
8972
8942
8933
8932
8896
8874
8839
8778
8778
8757
8734
8711
8707
8645
8635
8633
8624
8624
8588
8587
8574
8543
8519
8504
8500
8469
8459
8451
8432
8382
8370
8360
8360
8332
8326
8325
8321
8319
8304
8268
8218
8208
8207
8116
8079
8068
8037
8000
7992
7981
7981
7976
7935
7927
7919
7885
7869
7860
7768
7766
7758
7726
7691
7680
7660
7620
7619
7589
7582
7578
7575
7567
7563
7506
7473
7436
7425
7420
7388
7384
7384
7376
7368
7339
7330
7314
7303
7274
7252
7232
7228
7149
7105
7081
7051
7004
6997
6967
6900
6893
6869
6851
6808
6733
6729
6727
6697
6696
6685
6646
6616
6594
6556
6554
6491
6479
6467
6459
6454
6441
6426
6414
6403
6388
6388
6387
6386
6374
6370
6272
6265
6257
6233
6205
6151
6144
6140
6111
6094
6088
6062
6048
6040
6030
6028
6023
6020
6007
5984
5978
5974
5950
5933
5904
5893
5879
5866
5827
5802
5721
5699
5682
5651
5620
5602
5587
5577
5569
5554
5551
5546
5544
5511
5504
5499
5467
5442
5434
5431
5421
5345
5337
5321
5304
5304
5300
5291
5265
5257
5251
5241
5217
5213
5207
5174
5170
5108
5100
5098
5087
5056
5041
5006
4987
4960
4957
4952
4944
4937
4925
4902
4900
4851
4821
4811
4792
4770
4751
4742
4738
4702
4679
4674
4660
4646
4634
4612
4509
4480
4461
4460
4455
4443
4376
4365
4345
4314
4275
4230
4225
4164
4158
4152
4149
4147
4117
4115
4110
4089
4088
4083
4081
4081
4066
4051
4027
4016
3987
3928
3925
3892
3862
3842
3835
3805
3759
3739
3706
3637
3573
3569
3565
3561
3553
3551
3549
3541
3508
3500
3483
3482
3470
3446
3432
3368
3344
3330
3329
3320
3260
3243
3238
3210
3175
3145
3141
3136
3120
3119
3080
3076
3050
3042
3030
3026
3021
3000
2985
2979
2953
2923
2880
2875
2873
2850
2844
2827
2824
2796
2795
2792
2783
2768
2768
2759
2735
2706
2697
2696
2656
2641
2630
2616
2592
2589
2582
2571
2566
2563
2550
2537
2517
2506
2493
2485
2474
2472
2457
2446
2439
2435
2430
2412
2390
2361
2339
2318
2318
2306
2304
2293
2284
2275
2212
2203
2190
2185
2178
2158
2137
2109
2088
2083
2051
2050
2049
2040
2011
2005
1990
1984
1980
1976
1969
1963
1960
1923
1913
1874
1867
1864
1832
1816
1812
1810
1808
1792
1780
1779
1777
1747
1745
1745
1726
1684
1642
1633
1597
1597
1580
1578
1573
1572
1563
1551
1547
1537
1503
1501
1491
1465
1459
1457
1448
1444
1437
1428
1425
1402
1393
1384
1373
1367
1357
1334
1331
1290
1268
1266
1266
1238
1237
1216
1213
1212
1194
1181
1179
1175
1160
1154
1140
1133
1120
1117
1116
1112
1108
1104
1098
1091
1087
1077
1046
1045
1044
1038
1037
1033
1028
1026
985
970
960
950
947
944
942
929
924
914
906
902
886
882
881
875
868
867
864
855
839
831
829
829
804
797
793
788
780
777
776
762
756
742
741
726
726
721
720
716
698
698
695
673
666
666
659
652
648
643
623
618
614
612
611
606
596
584
576
567
559
557
547
545
529
517
516
514
507
503
502
500
494
479
468
468
466
453
436
415
411
408
402
399
398
397
394
382
358
356
350
336
324
314
305
299
298
293
287
287
274
270
252
252
244
241
230
230
230
229
228
222
212
211
204
203
202
200
192
186
186
185
164
162
161
158
157
149
147
147
142
135
129
128
125
124
116
115
115
111
111
111
107
106
102
100
99
99
96
94
93
86
83
83
78
77
76
75
70
64
64
62
62
61
57
55
55
53
52
52
52
49
49
48
48
47
46
45
45
44
43
42
36
35
33
32
31
28
28
26
24
23
23
22
21
21
20
19
19
19
18
18
18
18
17
17
16
16
14
14
11
10
9
9
9
8
8
8
7
7
7
6
6
5
5
4
4
4
3
3
3
2
2
1
1
1
1
1
1
1
