1957401
1666131
1616372
1534052
1409430
1188993
1183215
1147170
1086008
1076127
1052239
1033512
969078
944173
926418
903455
871938
870719
849573
848535
840624
829260
816434
803243
802844
792881
767302
759926
749994
739752
739099
736882
715752
704539
684123
681989
675499
674767
674333
670501
667219
664492
662332
658955
658090
655232
653067
650369
636841
636120
633188
625789
618445
605348
601360
600601
597999
597633
596445
591001
590789
588663
583066
582426
580374
579384
574893
571858
571277
562755
562748
561482
561311
560581
559979
553364
553000
552270
551096
549132
548743
544574
543090
537654
535332
534555
534433
532194
532081
528529
528014
526748
523713
521238
514537
502513
500726
500495
498977
496664
494216
493005
492114
491445
490764
486248
486064
477325
470716
469075
468468
468029
465847
460071
458900
455910
452799
451572
449022
448936
448693
448052
446069
445485
441431
440618
440424
439539
424987
424664
424428
423382
418480
415583
414877
414814
413061
411875
409576
407470
402245
398971
398578
398247
397982
394950
390904
389320
388874
388621
386226
382756
382721
380345
380059
380025
378271
378060
375436
374711
374193
373719
370251
370166
369607
369043
367194
362477
361947
359469
359293
358881
353105
351404
351093
349618
348641
346777
342691
342560
340385
340025
339148
339100
332903
331744
329302
328173
326528
326398
325869
322649
320285
318972
318139
317344
316407
312963
311941
311916
311566
309881
308213
308207
307904
307703
305485
304482
303107
302443
302192
302099
300852
300350
299712
296553
294404
293821
293714
292576
290507
289181
287969
287838
287807
287634
287519
287506
286662
286288
284243
282981
281597
281129
280789
280657
279749
278445
277492
275434
274861
274215
271421
271328
269602
269528
269170
268673
267265
267192
266020
265662
265541
264633
263025
262157
260291
259406
258692
257005
256875
256683
256642
256615
256148
255903
254141
253847
252468
252278
251310
250522
250024
247595
245893
244068
244038
243545
242901
242722
241533
241010
240717
239354
235100
235018
234905
233643
231568
231390
230733
229923
229153
226921
226816
225376
224681
224542
224272
223580
222947
222564
221350
220486
219970
219668
219176
218176
217263
217180
216238
215660
213764
213728
213303
212823
212557
212196
212092
212057
211149
210962
210296
210110
209308
208431
208323
208262
208242
207692
207090
207035
205679
204703
204327
203412
201762
201270
200413
199341
198858
198286
198266
196246
193608
193011
192268
191597
191171
190594
189821
189651
189603
189473
188757
188757
188537
188529
188043
187793
187782
187563
186172
185009
184271
184092
183662
182780
182471
181841
181435
181010
180059
179049
178075
177191
177092
174810
174682
174384
174251
173328
173255
173209
171799
171596
171329
171171
170625
170235
169971
169889
169568
169035
168958
168794
168122
168073
167745
167637
167590
167106
165853
165704
165305
165264
165141
164264
163348
162955
162747
162636
161758
161605
161543
161381
161381
161332
161198
161148
161082
160707
160214
160107
160038
159358
159206
158778
158760
158707
158361
158095
157974
157041
156970
156880
156862
156571
155902
155749
155511
155451
155414
155116
155068
154993
154797
154684
154566
154297
154012
153932
153864
153694
153665
153487
153239
153117
152689
152367
151622
151551
151462
151422
151234
150773
149842
149816
149387
149334
148604
147774
147550
146718
146669
146316
145742
145323
145138
144921
144537
144153
143299
143261
142799
142202
142199
142188
141731
141283
140721
140319
140288
140283
140022
139913
139863
139625
138588
138351
138182
138150
138149
137668
137592
137240
137139
136924
136487
136454
135977
135860
135811
135336
135205
134657
133718
133373
132968
132817
132428
131497
131400
131329
131085
130562
130239
130236
130109
130045
129986
129873
129796
129594
129559
129304
128619
128494
127786
127540
127454
127433
127358
126970
126696
126270
126011
125555
125345
125326
125219
125012
124859
124513
124441
124417
124061
123681
123600
123597
123395
123129
123051
123007
122862
122698
122501
122462
122229
122173
122008
121460
121416
120923
120888
120720
120334
120292
119875
119790
119532
119377
118790
118254
118100
117804
117490
117224
116639
116486
116396
116332
116316
115928
114772
114691
114349
114163
114026
114026
113326
112830
112667
112588
112367
112300
111989
111890
111371
111007
110894
110788
110542
110365
110250
110145
110052
110042
109877
109657
109590
109513
109301
109254
108958
108928
108497
107791
107380
107351
107341
106905
106815
106733
106455
106038
106028
105966
105452
105404
105369
105288
105162
105083
104834
104591
104532
104091
103450
103370
103296
103255
103240
103104
103080
102871
102677
102432
102077
102043
101950
101946
101820
101734
101612
101583
101447
101415
101052
101024
100998
100976
100933
100782
100779
100389
100359
100179
100154
100119
99796
99707
99133
99099
98839
98813
98639
98592
98560
98452
98432
98386
98166
97939
97889
97786
97089
96997
96754
96749
96610
96566
96398
96329
96292
96129
95766
95558
95540
95424
95387
95307
94877
94825
94815
94806
94583
94508
94499
94253
93917
93886
93783
93731
93636
93506
93263
93235
92954
92796
92594
92559
92389
92363
92191
92187
91974
91935
91895
91847
91603
91573
91477
91352
91297
91103
91025
90957
90920
90836
90665
90496
90461
90138
90137
90075
89962
89937
89889
89884
89780
89706
89554
89501
89258
89256
89208
89132
89128
89096
89072
88985
88484
88417
88340
88274
88269
88148
88146
88089
88037
87947
87935
87846
87526
87437
87166
87038
87012
86944
86872
86789
86743
86671
86660
86585
86413
86189
86184
86163
86130
86120
86059
85732
85561
85416
85397
85326
85241
85089
85070
85058
84879
84790
84764
84546
84458
84406
84297
84288
84178
84066
83989
83707
83525
83406
83367
83329
83293
83138
83011
82910
82906
82858
82791
82753
82728
82635
82578
82538
82396
82309
81783
81624
81557
81457
81366
81361
81311
81276
81094
80982
80963
80922
80825
80782
80501
80447
80412
80313
80283
80201
80053
79979
79976
79743
79698
79654
79627
79524
79489
79378
78852
78807
78765
78733
78728
78713
78637
78602
78574
78567
78485
78442
78425
78384
78352
78295
78243
77999
77982
77968
77934
77846
77667
77639
77568
77354
77324
77315
77273
76968
76930
76896
76859
76713
76353
76336
76318
76222
76206
76188
75959
75876
75780
75606
75117
75068
74935
74916
74885
74778
74718
74447
74444
74324
74294
74225
73951
73842
73836
73708
73699
73664
73595
73534
73441
73419
73401
73308
73204
73181
73131
73016
72972
72848
72627
72602
72583
72523
72520
72510
72487
72445
72221
72194
72110
72056
71978
71961
71889
71820
71811
71808
71709
71685
71672
71651
71588
71552
71482
71479
71409
71341
71295
71223
71181
71159
71007
70912
70840
70837
70803
70745
70745
70627
70618
70595
70527
70519
70451
70410
70322
70169
70164
70051
70032
69904
69857
69808
69644
69611
69527
69482
69346
69282
69244
69233
69122
69054
69048
69046
68987
68869
68739
68659
68629
68564
68532
68495
68459
68302
68296
67995
67938
67912
67907
67891
67873
67847
67723
67722
67485
67450
67379
67215
67170
67146
67144
67142
67030
66915
66879
66875
66853
66836
66827
66788
66777
66770
66701
66657
66637
66624
66495
66470
66469
66446
66420
66359
66350
66284
66214
66113
66050
66033
65986
65977
65865
65863
65821
65720
65698
65479
65441
65408
65362
65302
65284
65243
65187
65085
65005
64977
64972
64944
64923
64888
64871
64863
64838
64743
64675
64664
64633
64598
64591
64431
64383
64363
64355
64338
64337
64333
64267
64192
64182
64048
64030
63973
63954
63919
63725
63646
63638
63545
63502
63420
63407
63192
63179
63120
63111
63110
63058
62967
62964
62937
62778
62729
62646
62608
62574
62537
62531
62455
62415
62356
62320
62320
62303
62261
62246
62223
62209
62181
62103
62092
62039
62018
61970
61966
61919
61890
61880
61866
61840
61831
61700
61547
61510
61462
61400
61381
61304
61257
61256
61256
61166
61165
61160
61128
61096
60907
60825
60800
60752
60647
60626
60597
60470
60450
60437
60377
60344
60302
60290
60251
60101
60095
60040
60015
59908
59899
59879
59834
59729
59721
59681
59630
59587
59574
59564
59488
59464
59400
59356
59277
59270
59269
59206
59178
59119
59080
59041
58995
58953
58930
58925
58879
58832
58825
58823
58791
58717
58713
58684
58616
58602
58589
58546
58535
58503
58384
58348
58269
58257
58252
58211
58141
58106
58099
58076
57972
57933
57805
57637
57625
57575
57470
57460
57454
57431
57398
57345
57329
57293
57281
57226
57143
57091
57075
57073
57073
57006
56928
56880
56862
56860
56801
56718
56696
56681
56645
56555
56464
56381
56353
56275
56114
56080
56068
56025
55970
55958
55957
55925
55925
55919
55852
55806
55804
55778
55766
55717
55664
55628
55583
55506
55372
55325
55304
55274
55257
55233
55191
55179
55112
55110
55105
54829
54794
54792
54739
54731
54720
54698
54677
54669
54633
54632
54581
54409
54403
54392
54286
54258
54190
54186
54143
54133
53905
53842
53746
53704
53697
53697
53624
53607
53590
53581
53535
53510
53503
53464
53425
53416
53406
53399
53370
53356
53319
53269
53266
53246
53152
53137
53109
53103
53048
52980
52977
52924
52899
52888
52878
52705
52673
52653
52637
52561
52511
52510
52489
52474
52425
52391
52312
52307
52293
52289
52197
52158
52102
52090
52036
52031
52027
51996
51989
51934
51779
51768
51751
51656
51593
51572
51502
51443
51347
51324
51288
51238
51157
51156
51141
51132
51075
51054
51016
50920
50914
50885
50885
50867
50857
50852
50832
50816
50739
50738
50686
50627
50613
50584
50538
50536
50377
50362
50358
50335
50332
50274
50208
50206
50111
50107
50105
50054
50032
50019
49988
49958
49849
49800
49710
49647
49638
49618
49590
49390
49361
49336
49331
49307
49293
49291
49283
49211
49144
49116
49007
48966
48956
48930
48861
48829
48793
48766
48752
48748
48674
48672
48555
48515
48500
48456
48408
48400
48362
48341
48326
48319
48304
48241
48212
48143
48136
48127
48115
48065
48052
47980
47961
47946
47912
47908
47908
47905
47905
47881
47872
47868
47845
47840
47837
47791
47784
47774
47699
47639
47596
47584
47561
47555
47551
47540
47510
47467
47444
47433
47327
47312
47291
47288
47284
47250
47237
47235
47223
47207
47155
47109
46979
46958
46933
46914
46910
46870
46870
46869
46863
46844
46817
46751
46706
46704
46694
46662
46598
46558
46545
46527
46520
46512
46466
46426
46371
46336
46059
46034
46014
46004
45965
45944
45941
45940
45855
45831
45824
45824
45767
45724
45704
45663
45651
45616
45582
45530
45476
45468
45421
45411
45406
45398
45375
45241
45236
45209
45205
45083
45055
45018
44973
44949
44885
44872
44857
44851
44823
44774
44733
44715
44688
44679
44668
44634
44542
44521
44444
44440
44428
44410
44395
44342
44296
44284
44280
44218
44216
44164
44109
44068
44028
44026
43987
43967
43942
43925
43878
43862
43833
43830
43804
43764
43763
43659
43657
43656
43633
43562
43547
43539
43506
43504
43466
43461
43459
43459
43415
43413
43398
43398
43376
43355
43353
43342
43322
43319
43310
43306
43302
43298
43277
43269
43216
43213
43185
43179
43176
43174
43160
43142
43121
43114
43079
43051
43034
43029
42986
42974
42973
42967
42918
42914
42858
42837
42805
42742
42738
42713
42712
42711
42711
42662
42631
42627
42601
42598
42565
42536
42522
42451
42448
42410
42403
42402
42366
42312
42283
42259
42258
42225
42223
42204
42185
42183
42145
42129
42109
42089
42072
42071
42068
42057
42046
42034
42025
42023
42002
42000
41941
41927
41900
41886
41886
41855
41847
41839
41811
41806
41795
41793
41759
41742
41740
41719
41690
41611
41591
41556
41548
41541
41489
41480
41398
41369
41365
41317
41301
41293
41270
41250
41241
41236
41224
41169
41100
41091
41081
41079
41075
41068
40967
40966
40879
40857
40848
40798
40794
40718
40690
40604
40593
40584
40561
40557
40550
40460
40459
40444
40442
40365
40363
40357
40355
40320
40305
40263
40247
40245
40226
40218
40217
40179
40172
40119
40081
40052
39956
39927
39855
39841
39836
39830
39821
39778
39755
39752
39743
39736
39695
39691
39651
39621
39614
39575
39571
39554
39551
39530
39522
39481
39472
39399
39398
39378
39338
39265
39236
39212
39206
39100
39063
39054
39049
39049
39022
39021
39000
38978
38967
38957
38945
38932
38904
38871
38868
38854
38814
38802
38779
38755
38753
38739
38732
38650
38613
38563
38547
38538
38527
38504
38501
38496
38477
38423
38423
38422
38368
38348
38331
38328
38326
38312
38301
38284
38256
38248
38229
38217
38192
38165
38042
38021
38017
37973
37969
37968
37923
37919
37913
37860
37852
37844
37821
37797
37790
37770
37759
37757
37737
37693
37630
37611
37488
37475
37433
37383
37382
37365
37324
37308
37291
37285
37250
37226
37211
37204
37202
37192
37176
37142
37127
37106
37071
37069
36979
36960
36957
36875
36872
36832
36824
36823
36812
36793
36747
36728
36676
36667
36659
36657
36637
36637
36609
36599
36594
36586
36570
36555
36547
36529
36528
36526
36505
36500
36498
36484
36482
36477
36468
36444
36420
36399
36397
36389
36340
36314
36301
36289
36277
36262
36246
36214
36203
36188
36156
36147
36117
36105
36069
36068
36068
36066
36060
36025
36023
36006
36001
35966
35956
35947
35938
35932
35927
35917
35906
35879
35810
35801
35789
35787
35761
35725
35718
35629
35600
35512
35507
35505
35495
35487
35483
35465
35461
35457
35429
35419
35416
35402
35384
35356
35339
35320
35277
35270
35269
35247
35237
35168
35116
35114
35095
35078
35044
34962
34957
34951
34925
34918
34914
34886
34885
34876
34869
34853
34805
34802
34784
34749
34723
34713
34669
34658
34646
34646
34628
34607
34568
34566
34534
34522
34512
34417
34414
34389
34354
34331
34329
34308
34270
34195
34157
34144
34129
34103
34099
34096
34089
34073
34040
34030
34023
34006
33991
33973
33953
33944
33900
33891
33882
33799
33798
33785
33771
33762
33736
33717
33680
33679
33674
33660
33632
33593
33587
33585
33581
33576
33548
33546
33536
33525
33499
33486
33462
33458
33444
33425
33418
33409
33386
33372
33364
33349
33345
33314
33308
33293
33287
33274
33265
33234
33229
33227
33196
33178
33163
33156
33125
33101
33064
33058
33043
33043
33030
33028
33024
33020
32972
32931
32923
32885
32883
32879
32847
32843
32824
32799
32726
32723
32715
32699
32664
32655
32652
32628
32623
32592
32589
32581
32569
32553
32472
32436
32384
32344
32334
32328
32309
32308
32295
32285
32264
32247
32241
32207
32185
32184
32180
32168
32166
32151
32118
32102
32057
32041
32025
32019
32014
32008
31982
31948
31948
31911
31879
31858
31810
31809
31754
31751
31689
31658
31655
31641
31633
31607
31580
31543
31542
31532
31506
31491
31476
31431
31430
31392
31387
31375
31368
31362
31362
31361
31361
31352
31344
31293
31267
31226
31223
31221
31218
31201
31156
31154
31096
31092
31089
31060
31000
30994
30978
30977
30957
30928
30923
30919
30907
30882
30873
30851
30844
30826
30821
30810
30771
30752
30743
30714
30706
30705
30698
30691
30686
30678
30659
30628
30621
30608
30599
30582
30548
30548
30515
30502
30481
30461
30405
30395
30363
30362
30359
30340
30340
30335
30315
30313
30311
30295
30240
30230
30189
30177
30176
30144
30119
30076
30069
30059
30049
30037
30023
29973
29961
29960
29956
29932
29925
29910
29902
29898
29877
29860
29828
29821
29819
29805
29802
29772
29762
29751
29741
29727
29715
29710
29699
29698
29696
29695
29690
29661
29653
29648
29641
29638
29633
29601
29599
29577
29539
29534
29531
29521
29493
29467
29422
29419
29314
29271
29232
29223
29193
29155
29150
29124
29123
29110
29065
29006
28989
28953
28919
28896
28893
28892
28859
28858
28845
28822
28821
28815
28810
28787
28758
28750
28748
28737
28723
28708
28697
28685
28664
28616
28612
28584
28563
28537
28526
28501
28499
28418
28378
28378
28367
28360
28357
28346
28341
28320
28319
28318
28309
28276
28244
28242
28233
28216
28205
28198
28196
28195
28187
28187
28168
28157
28093
28086
28084
28077
28057
28046
28045
28037
28035
28034
28019
28004
27992
27991
27979
27961
27958
27942
27937
27920
27918
27910
27895
27885
27882
27876
27872
27869
27859
27859
27850
27844
27830
27821
27785
27783
27779
27759
27753
27752
27750
27725
27719
27710
27703
27700
27692
27632
27601
27586
27552
27536
27530
27527
27526
27523
27521
27510
27465
27464
27451
27436
27416
27398
27386
27378
27377
27375
27372
27365
27356
27312
27308
27299
27287
27285
27283
27273
27266
27225
27204
27196
27189
27187
27182
27178
27178
27147
27126
27102
27094
27092
27091
27041
27007
26981
26974
26972
26962
26931
26896
26895
26860
26857
26844
26833
26827
26786
26776
26769
26755
26755
26744
26735
26729
26722
26708
26701
26698
26684
26657
26648
26648
26646
26621
26612
26583
26581
26570
26563
26540
26535
26525
26509
26501
26478
26470
26443
26426
26403
26389
26376
26345
26332
26326
26324
26323
26320
26250
26226
26219
26215
26207
26193
26183
26182
26182
26177
26161
26148
26143
26131
26104
26076
26065
26061
26060
26046
26016
26002
25996
25959
25938
25892
25863
25854
25848
25847
25838
25822
25810
25809
25791
25790
25786
25785
25758
25725
25719
25711
25676
25667
25632
25620
25613
25612
25573
25545
25527
25511
25503
25492
25484
25472
25460
25405
25405
25402
25392
25356
25329
25329
25328
25324
25301
25280
25276
25237
25233
25224
25221
25219
25198
25193
25174
25173
25143
25139
25138
25134
25127
25120
25119
25052
25044
25039
25030
25019
25013
24992
24979
24961
24955
24950
24944
24938
24914
24913
24907
24897
24897
24872
24871
24847
24838
24824
24795
24793
24790
24776
24769
24765
24743
24730
24730
24705
24696
24695
24676
24674
24668
24663
24656
24651
24615
24611
24588
24583
24564
24541
24539
24502
24501
24473
24468
24453
24451
24423
24384
24348
24342
24338
24308
24307
24248
24234
24223
24216
24202
24191
24190
24171
24151
24130
24123
24113
24100
24087
24081
24076
24066
24063
24061
24037
24036
24025
23991
23960
23945
23941
23940
23931
23926
23916
23903
23901
23885
23866
23858
23856
23836
23824
23802
23801
23799
23787
23774
23771
23767
23759
23754
23735
23734
23730
23724
23720
23638
23587
23577
23520
23507
23488
23480
23467
23423
23418
23408
23382
23376
23349
23328
23302
23284
23267
23266
23255
23245
23232
23201
23186
23181
23120
23118
23081
23077
23076
23046
23027
23002
22977
22968
22952
22886
22881
22844
22817
22789
22761
22740
22738
22725
22674
22665
22662
22659
22638
22610
22606
22598
22581
22570
22563
22556
22544
22540
22539
22528
22507
22496
22472
22470
22458
22441
22433
22429
22424
22419
22344
22337
22330
22327
22302
22278
22273
22269
22251
22243
22225
22214
22162
22157
22142
22096
22083
22047
22034
22025
22006
21995
21991
21937
21929
21892
21890
21888
21871
21863
21860
21851
21841
21836
21813
21803
21796
21773
21752
21744
21736
21734
21732
21731
21728
21719
21706
21687
21685
21649
21646
21642
21628
21615
21613
21598
21590
21582
21558
21540
21500
21485
21478
21458
21450
21447
21435
21429
21405
21402
21362
21358
21341
21291
21270
21265
21261
21243
21210
21203
21197
21178
21158
21156
21150
21149
21129
21118
21099
21079
21073
21062
21053
21039
21031
21023
21003
20995
20978
20977
20967
20959
20942
20938
20928
20922
20921
20911
20908
20899
20898
20894
20882
20880
20871
20868
20854
20823
20793
20767
20757
20728
20704
20697
20688
20673
20641
20594
20582
20569
20535
20534
20508
20507
20498
20488
20487
20482
20481
20427
20411
20410
20410
20408
20404
20382
20361
20351
20348
20342
20325
20298
20289
20285
20267
20253
20252
20250
20242
20234
20209
20172
20163
20158
20155
20130
20111
20074
20067
20042
20038
20037
20002
19992
19990
19969
19951
19940
19933
19932
19921
19920
19904
19880
19850
19829
19819
19816
19807
19799
19785
19782
19779
19779
19769
19739
19725
19706
19696
19691
19690
19676
19672
19668
19658
19642
19626
19625
19619
19607
19606
19606
19592
19589
19581
19576
19569
19554
19533
19465
19462
19456
19447
19421
19414
19410
19388
19385
19374
19365
19362
19333
19301
19273
19258
19254
19251
19244
19237
19224
19215
19205
19202
19172
19172
19171
19169
19146
19144
19117
19107
19084
19073
19069
19050
19046
19039
19027
19020
18997
18952
18952
18945
18941
18936
18928
18889
18883
18864
18826
18798
18796
18784
18740
18739
18717
18707
18692
18691
18683
18675
18674
18665
18651
18641
18586
18559
18549
18538
18524
18523
18513
18489
18489
18477
18462
18456
18455
18403
18399
18395
18383
18370
18362
18350
18334
18333
18306
18288
18288
18285
18280
18272
18267
18264
18240
18218
18216
18203
18193
18166
18144
18121
18087
18070
18052
18047
18039
18037
18022
18009
18002
17975
17970
17937
17914
17911
17853
17843
17842
17828
17824
17797
17792
17780
17771
17767
17763
17743
17739
17724
17720
17720
17708
17707
17702
17666
17662
17636
17627
17622
17611
17603
17588
17582
17580
17568
17528
17523
17487
17461
17455
17449
17429
17414
17396
17378
17371
17370
17347
17305
17294
17292
17277
17273
17265
17260
17255
17255
17247
17220
17191
17180
17154
17140
17128
17119
17093
17091
17075
17068
17047
17028
17027
17026
17022
17022
17016
17010
17008
17000
16998
16997
16991
16976
16926
16901
16891
16890
16874
16861
16845
16844
16843
16830
16826
16818
16793
16774
16759
16757
16754
16739
16703
16701
16674
16651
16647
16646
16641
16601
16589
16581
16577
16565
16540
16535
16480
16471
16460
16459
16456
16429
16396
16393
16334
16313
16312
16303
16272
16267
16265
16255
16235
16210
16198
16150
16129
16113
16110
16107
16097
16075
16071
16064
16054
16023
16016
15931
15907
15888
15837
15818
15787
15783
15771
15767
15758
15742
15741
15725
15723
15706
15690
15685
15681
15673
15654
15628
15598
15590
15535
15529
15525
15513
15484
15464
15431
15420
15384
15380
15376
15375
15370
15356
15351
15349
15348
15348
15337
15320
15316
15304
15300
15282
15241
15238
15236
15229
15223
15199
15190
15176
15144
15131
15088
15075
14998
14973
14967
14965
14956
14949
14945
14910
14904
14878
14843
14840
14824
14820
14819
14800
14798
14779
14772
14745
14720
14701
14696
14663
14638
14636
14620
14613
14605
14602
14545
14459
14450
14450
14424
14422
14351
14349
14331
14323
14322
14322
14310
14310
14297
14214
14206
14177
14171
14168
14166
14157
14111
14109
14107
14038
14033
14010
13963
13955
13944
13900
13882
13855
13852
13830
13820
13810
13802
13700
13632
13584
13550
13534
13528
13519
13505
13500
13499
13490
13468
13451
13445
13424
13395
13251
13226
13209
13190
13132
13126
13108
13079
13064
13059
13039
13034
13023
13003
12999
12997
12938
12919
12910
12886
12880
12873
12869
12760
12741
12736
12706
12679
12679
12630
12620
12605
12596
12583
12579
12557
12554
12554
12547
12542
12533
12515
12478
12439
12408
12391
12380
12367
12313
12280
12210
12201
12177
12097
12055
12054
11990
11981
11948
11882
11873
11858
11845
11832
11796
11771
11761
11754
11752
11702
11658
11535
11532
11439
11421
11347
11302
11278
11274
11227
11204
11178
11165
11158
11151
11146
11056
11027
11002
10939
10926
10926
10916
10899
10899
10851
10837
10827
10812
10812
10806
10787
10768
10762
10743
10708
10618
10603
10583
10541
10537
10521
10518
10515
10496
10472
10459
10406
10395
10380
10315
10314
10297
10293
10228
10226
10214
10214
10196
10181
10171
10111
10110
10074
10039
10001
9972
9969
9940
9931
9879
9834
9807
9805
9789
9771
9726
9705
9554
9542
9495
9466
9392
9382
9368
9316
9303
9298
9269
9242
9190
9185
9182
9172
9161
9141
9139
9117
9113
9103
9016
8959
8933
8893
8822
8818
8788
8758
8719
8697
8687
8660
8650
8638
8612
8611
8576
8566
8467
8437
8418
8370
8367
8329
8292
8279
8274
8271
8260
8162
8159
8144
8141
8141
8140
8122
8114
8065
8047
8037
8006
7953
7857
7812
7671
7655
7653
7621
7461
7458
7402
7395
7390
7384
7350
7336
7335
7274
7268
7192
7183
7177
7174
7145
7083
7050
7046
6942
6916
6871
6852
6829
6814
6800
6765
6746
6701
6696
6628
6608
6584
6570
6561
6552
6535
6455
6449
6399
6397
6326
6313
6247
6239
6219
6168
6148
6125
6109
6077
6045
6040
6029
6006
6004
5994
5967
5957
5950
5940
5924
5913
5796
5725
5703
5678
5647
5647
5641
5637
5559
5532
5527
5527
5487
5480
5451
5398
5373
5345
5330
5328
5325
5266
5262
5257
5251
5215
5206
5184
5167
5116
5006
5006
4932
4931
4918
4884
4845
4783
4776
4767
4759
4740
4736
4727
4698
4694
4689
4641
4622
4602
4600
4594
4586
4578
4533
4515
4481
4474
4449
4438
4358
4342
4316
4303
4276
4240
4234
4229
4206
4170
4098
4075
4036
4028
3961
3822
3812
3796
3791
3779
3748
3667
3568
3546
3540
3429
3418
3396
3386
3357
3309
3243
3189
3183
3180
3070
3052
3029
3024
2923
2884
2813
2787
2787
2757
2725
2678
2610
2601
2597
2591
2577
2568
2554
2551
2540
2481
2481
2461
2443
2431
2393
2342
2341
2325
2297
2266
2208
2192
2186
2182
2175
2168
2162
2137
2135
2106
1989
1979
1884
1845
1839
1814
1781
1771
1767
1760
1740
1693
1671
1668
1661
1630
1627
1606
1604
1595
1587
1587
1583
1552
1538
1469
1457
1429
1375
1297
1280
1269
1245
1243
1209
1205
1161
1130
1118
1086
1044
1030
1024
1009
998
947
938
924
922
921
902
888
867
836
820
770
764
754
752
734
715
714
687
676
672
658
636
611
607
588
585
572
551
548
507
485
453
445
436
428
421
398
395
392
368
368
361
351
350
339
338
337
316
315
300
296
292
291
290
277
265
263
262
251
245
233
231
215
198
194
192
182
174
174
171
163
152
138
134
128
126
125
113
111
106
101
97
93
86
84
82
82
71
70
51
45
43
36
34
33
26
21
19
18
17
15
14
12
8
4
2
1
1
