4079842
3007613
2462502
1847873
1483843
1483821
1483821
1483250
1483250
1483250
1483250
1483250
1468880
1468854
1127055
1102772
1049602
1002555
977356
973242
879613
761757
738917
738917
736662
729849
727407
639345
573493
570799
569508
506465
469822
459894
459307
452989
414434
413353
375425
348404
344440
331499
331464
331464
331464
331464
331464
329220
323082
319872
319872
313968
313968
313622
311508
301805
292130
277837
264644
260333
256000
255447
250270
233232
225188
224932
213681
202987
194128
186635
185650
181408
168347
164526
162914
156690
155996
151166
147808
146460
145514
145370
144385
144361
138484
138103
137364
135743
133689
132821
132490
130142
126746
126142
123458
122284
121958
119600
119541
119541
116399
115896
114905
114769
114565
108227
107083
106264
105726
104792
104241
103702
103702
103702
100736
100447
99829
96821
94591
92588
90883
90839
90699
90632
90357
90293
87568
87566
86479
86160
86084
85961
84567
83066
82797
82729
82653
81893
81889
81889
81466
81090
80883
80445
80106
80020
79225
79128
78008
77238
77081
76712
75431
74934
74519
74424
74239
73969
73919
72759
72717
72688
72682
72035
71982
71919
71909
71680
71611
71234
71180
70922
70220
69856
69418
69055
67758
67683
67500
67483
67208
67056
67042
66983
66914
66345
66051
65925
65833
65823
65814
65568
65544
65361
65259
65078
64984
64964
64893
64887
64629
64582
64523
64252
64109
64073
63844
63732
63533
63466
63223
63171
63036
62866
62787
62783
62656
62546
62511
62416
62274
62192
61824
61793
61676
61466
61367
61285
61282
61273
61261
61129
61068
60988
60507
60460
60388
60257
60069
60018
59947
59885
59709
59629
59609
59552
59545
59258
59142
59133
59074
59065
59020
58397
58207
58188
58001
57955
57951
57949
57362
57330
57288
57140
57035
56879
56855
56837
56805
56777
56749
56736
56588
56473
56376
56166
56157
56096
56093
56083
56076
55980
55978
55913
55903
55872
55787
55775
55773
55755
55655
55637
55574
55475
55290
55231
55217
55197
55185
55028
54925
54890
54877
54857
54785
54782
54747
54552
54459
54241
54212
54115
54041
53850
53850
53850
53850
53850
53815
53727
53668
53600
53443
53375
53371
53304
53304
53272
53243
53084
53084
52935
52741
52707
52648
52414
52319
52249
52172
52134
52133
52075
52048
51882
51627
51595
51488
51382
51301
51247
51230
51210
51189
51074
51067
51013
50856
50837
50809
50763
50755
50755
50667
50429
50368
50353
50179
50115
49989
49950
49946
49908
49832
49821
49812
49791
49633
49434
49425
49364
49318
49305
49296
49151
48910
48887
48696
48640
48549
48519
48442
48400
48366
48330
48308
48278
48241
48133
48120
48075
48045
48045
48045
48045
48027
47978
47959
47891
47781
47551
47502
47461
47333
47125
46984
46954
46898
46831
46678
46412
46378
46213
46208
46124
46093
46001
45847
45835
45622
45570
45188
45186
45089
44856
44437
44179
43941
43868
43699
43414
43258
43185
43094
42970
42735
42576
42498
42435
42425
42393
41709
41705
41674
41596
41514
41382
41200
40834
40488
40487
40487
40352
40243
40104
40002
39960
39899
39604
39408
39096
38414
38012
37708
37576
37519
37333
37332
37332
37273
37169
37120
37090
37090
36984
36928
36900
36650
36530
36372
35914
35856
35445
35085
35005
34988
34917
34880
34759
34704
34669
34561
34371
34357
34224
34058
33914
33823
33664
33470
33293
33208
32907
32646
32605
32520
32312
32147
32114
31837
31617
31534
31407
31406
31392
31301
31118
31075
30846
30824
30754
30704
30672
30640
30437
30432
30338
30291
30276
30258
30194
30120
30120
29579
29477
29422
29333
29324
29126
29114
29111
29071
28997
28991
28922
28850
28589
28588
28569
28396
28379
28346
28320
28189
28166
28130
27908
27802
27776
27776
27432
27334
27331
27241
27181
27065
27028
26745
26698
26497
26392
26273
26114
26016
25971
25835
25670
25596
25579
25481
25480
25442
25409
25384
25295
25288
25267
25225
25184
25064
25039
25032
24888
24882
24856
24840
24822
24810
24777
24777
24710
24691
24658
24658
24593
24570
24480
24224
24141
23988
23928
23886
23843
23817
23817
23813
23813
23813
23617
23554
23546
23514
23463
23384
23377
23375
23338
23316
23281
23261
23182
23182
23087
22993
22911
22783
22534
22534
22502
22502
22456
22421
22410
22351
22322
22286
22266
22198
22149
22084
22047
22007
22000
21997
21986
21857
21835
21835
21835
21815
21794
21596
21586
21548
21369
21358
21340
21289
21270
21265
21033
20892
20772
20653
20407
20365
20299
20224
20152
20006
19996
19700
19690
19648
19612
19569
19504
19492
19455
19383
19360
19359
19266
19176
19171
19068
19067
19016
19002
18988
18936
18895
18864
18796
18795
18794
18778
18772
18760
18737
18682
18664
18629
18572
18559
18556
18554
18554
18554
18419
18351
18283
18210
18110
18085
17922
17920
17885
17871
17842
17842
17816
17787
17741
17682
17657
17612
17612
17507
17488
17460
17418
17415
17403
17308
17181
17174
17162
17152
17108
17016
16939
16931
16926
16794
16775
16760
16719
16651
16608
16560
16503
16380
16349
16336
16336
16336
16336
16291
16288
16283
16254
16151
16088
16077
16074
15997
15991
15954
15925
15918
15786
15783
15780
15756
15727
15726
15698
15581
15566
15438
15364
15338
15337
15312
15242
15234
15170
15170
15116
15057
15048
15024
15016
15007
14993
14992
14967
14905
14902
14890
14860
14829
14812
14785
14748
14740
14718
14656
14656
14656
14593
14574
14543
14461
14451
14394
14373
14273
14264
14186
14182
14155
14122
14112
14048
14031
14017
13999
13991
13974
13861
13736
13717
13688
13682
13659
13609
13607
13564
13559
13533
13515
13452
13452
13445
13416
13414
13340
13316
13290
13284
13234
13214
13192
13180
13133
13119
13101
13024
13020
12970
12881
12862
12862
12809
12784
12782
12696
12694
12690
12672
12666
12600
12580
12539
12526
12518
12494
12492
12487
12480
12449
12438
12413
12412
12345
12258
12223
12214
12210
12205
12204
12174
12120
12098
12044
12044
12044
12039
11948
11948
11948
11942
11902
11852
11852
11852
11852
11852
11852
11852
11850
11794
11769
11718
11671
11669
11571
11566
11472
11442
11422
11371
11365
11357
11343
11339
11330
11271
11098
11097
11077
11045
11042
11039
11022
10992
10954
10942
10936
10922
10855
10851
10831
10806
10805
10789
10783
10740
10733
10727
10716
10688
10663
10644
10638
10634
10633
10596
10596
10596
10596
10581
10576
10570
10569
10569
10546
10541
10538
10480
10480
10460
10428
10261
10209
10192
10192
10156
10081
10061
10059
9997
9996
9995
9992
9988
9982
9981
9967
9950
9947
9895
9873
9869
9864
9861
9806
9739
9687
9677
9677
9674
9674
9670
9632
9606
9556
9555
9536
9532
9529
9518
9462
9456
9438
9437
9390
9376
9353
9336
9322
9315
9307
9292
9287
9238
9205
9201
9184
9175
9160
9160
9160
9160
9145
9139
9114
9111
9097
9087
9082
9080
9075
9069
9058
9016
9016
9012
9004
8990
8977
8975
8964
8964
8953
8949
8938
8912
8907
8906
8900
8889
8871
8848
8813
8791
8785
8781
8751
8744
8740
8736
8725
8719
8709
8705
8679
8658
8646
8645
8640
8621
8583
8558
8554
8519
8512
8479
8386
8384
8359
8335
8322
8320
8313
8305
8280
8279
8258
8254
8245
8234
8220
8211
8210
8194
8168
8166
8164
8152
8114
8113
8098
8085
8081
8081
8081
8072
8068
8057
8057
8057
8057
8042
8042
8031
8023
8023
8022
8018
8018
8018
8018
8018
8016
8012
7984
7978
7976
7972
7969
7962
7954
7947
7936
7927
7908
7901
7894
7871
7869
7868
7818
7811
7782
7780
7766
7766
7766
7738
7711
7689
7688
7647
7629
7616
7608
7602
7590
7590
7571
7561
7528
7516
7512
7497
7496
7492
7480
7478
7477
7467
7466
7451
7444
7440
7440
7434
7426
7410
7408
7391
7387
7387
7369
7369
7364
7364
7363
7363
7363
7363
7361
7359
7359
7345
7340
7340
7340
7340
7340
7330
7329
7328
7328
7328
7328
7328
7319
7312
7301
7291
7290
7282
7248
7242
7242
7242
7229
7222
7214
7211
7198
7192
7181
7175
7168
7160
7144
7140
7139
7126
7102
7100
7080
7072
7072
7072
7072
7065
7062
7051
7045
7006
6994
6950
6947
6946
6940
6918
6912
6904
6888
6880
6880
6867
6863
6840
6836
6831
6825
6820
6797
6788
6775
6773
6753
6729
6726
6716
6712
6700
6699
6698
6696
6694
6690
6686
6656
6640
6639
6639
6622
6615
6614
6611
6606
6606
6602
6599
6593
6592
6592
6588
6586
6586
6583
6582
6580
6577
6575
6564
6561
6560
6556
6555
6555
6550
6550
6548
6542
6533
6533
6522
6513
6510
6509
6502
6500
6494
6492
6489
6479
6478
6475
6472
6471
6468
6456
6456
6452
6447
6431
6402
6392
6390
6388
6384
6376
6370
6367
6367
6366
6365
6364
6363
6358
6347
6339
6336
6331
6331
6321
6317
6315
6312
6311
6310
6309
6308
6299
6294
6294
6286
6286
6281
6271
6267
6260
6257
6254
6250
6249
6249
6245
6242
6240
6240
6235
6235
6235
6233
6230
6230
6225
6218
6217
6216
6215
6214
6214
6214
6214
6214
6214
6214
6214
6214
6214
6214
6214
6214
6214
6214
6214
6214
6214
6214
6214
6214
6214
6214
6214
6214
6214
6214
6214
6214
6214
6214
6214
6214
6214
6214
6214
6214
6214
6214
6214
6214
6214
6214
6214
6214
6214
6214
6214
6214
6214
6214
6214
6214
6214
6214
6208
6202
6200
6198
6194
6188
6188
6175
6174
6171
6171
6171
6170
6167
6163
6158
6153
6152
6149
6147
6146
6142
6137
6131
6128
6128
6128
6126
6126
6123
6122
6120
6119
6118
6118
6116
6115
6113
6111
6111
6098
6098
6098
6098
6098
6098
6098
6097
6094
6088
6088
6080
6071
6071
6070
6070
6068
6059
6052
6052
6051
6051
6049
6046
6046
6041
6039
6036
6031
6030
6028
6021
6019
6008
6001
5994
5992
5992
5986
5972
5970
5966
5963
5962
5958
5958
5958
5956
5956
5955
5955
5955
5954
5954
5951
5951
5951
5949
5947
5946
5946
5946
5944
5943
5942
5942
5942
5941
5938
5938
5937
5936
5935
5935
5935
5934
5934
5934
5934
5934
5929
5928
5927
5926
5926
5926
5926
5926
5926
5926
5926
5926
5926
5926
5926
5926
5926
5926
5926
5926
5926
5926
5926
5926
5926
5926
5926
5926
5926
5926
5926
5926
5926
5926
5926
5926
5926
5926
5926
5926
5926
5926
5926
5926
5926
5926
5926
5926
5926
5926
5926
5926
5926
5926
5926
5926
5926
5926
5926
5926
5926
5926
5926
5926
5926
5926
5926
5926
5926
5926
5926
5926
5926
5926
5926
5926
5926
5926
5926
5926
5926
5926
5926
5926
5926
5926
5926
5926
5926
5926
5926
5926
5926
5926
5926
5926
5926
5926
5926
5926
5926
5926
5926
5926
5926
5926
5926
5926
5926
5926
5926
5926
5926
5926
5926
5926
5926
5926
5926
5926
5926
5926
5926
5926
5926
5926
5926
5926
5926
5926
5926
5926
5926
5926
5926
5926
5926
5926
5926
5926
5926
5926
5926
5926
5926
5926
5926
5926
5926
5926
5926
5926
5926
5926
5926
5926
5926
5926
5926
5926
5926
5926
5926
5926
5926
5926
5926
5926
5926
5926
5926
5926
5926
5926
5926
5926
5926
5926
5926
5926
5926
5926
5926
5926
5926
5926
5926
5926
5926
5926
5926
5926
5926
5926
5926
5926
5926
5926
5926
5926
5926
5926
5926
5926
5926
5926
5926
5926
5926
5926
5926
5926
5926
5926
5926
5926
5926
5926
5926
5926
5926
5926
5926
5926
5926
5926
5926
5926
5926
5926
5926
5926
5926
5926
5926
5926
5926
5926
5926
5926
5926
5926
5926
5926
5926
5926
5926
5926
5926
5926
5926
5926
5926
5926
5926
5926
5926
5926
5926
5926
5926
5926
5926
5926
5926
5926
5926
5926
5926
5926
5926
5926
5926
5926
5926
5926
5926
5926
5910
5899
5899
5899
5899
5899
5898
5897
5891
5887
5881
5878
5878
5877
5877
5877
5872
5867
5867
5866
5865
5857
5854
5849
5841
5839
5838
5833
5831
5828
5828
5821
5818
5818
5813
5813
5812
5810
5805
5805
5805
5805
5805
5805
5805
5805
5805
5805
5805
5805
5805
5805
5805
5804
5795
5790
5785
5785
5783
5782
5779
5777
5775
5773
5772
5770
5768
5760
5760
5748
5746
5739
5738
5738
5735
5732
5732
5723
5722
5720
5714
5704
5703
5703
5699
5699
5699
5699
5699
5698
5696
5694
5692
5691
5691
5691
5691
5691
5691
5688
5688
5681
5673
5671
5667
5659
5658
5655
5652
5651
5651
5650
5647
5645
5645
5643
5643
5640
5639
5638
5638
5638
5638
5635
5634
5628
5627
5627
5627
5627
5627
5627
5627
5627
5627
5626
5626
5624
5617
5614
5612
5611
5608
5595
5591
5586
5585
5575
5571
5566
5566
5566
5565
5563
5562
5554
5545
5536
5534
5533
5520
5520
5520
5520
5520
5520
5520
5520
5520
5520
5520
5520
5520
5520
5520
5520
5518
5509
5504
5501
5501
5493
5489
5487
5482
5480
5479
5477
5477
5473
5473
5471
5470
5465
5464
5460
5456
5448
5448
5447
5434
5428
5420
5418
5418
5414
5414
5412
5411
5408
5402
5395
5394
5380
5380
5374
5356
5344
5343
5342
5328
5321
5319
5314
5308
5306
5286
5281
5279
5270
5254
5244
5243
5242
5228
5220
5214
5211
5208
5206
5205
5203
5188
5186
5182
5182
5177
5158
5143
5129
5119
5119
5112
5106
5102
5092
5077
5076
5075
5074
5071
5065
5064
5053
5045
5045
5042
5040
5035
5032
5032
5025
5020
5016
5015
5007
5005
5005
5004
5001
5000
4999
4999
4998
4997
4992
4992
4992
4976
4976
4973
4973
4969
4965
4965
4963
4947
4943
4940
4927
4925
4925
4921
4920
4911
4910
4909
4904
4898
4891
4891
4887
4886
4886
4872
4870
4868
4865
4864
4854
4854
4854
4851
4850
4850
4849
4844
4840
4836
4834
4828
4823
4820
4819
4818
4817
4815
4813
4811
4809
4806
4796
4792
4792
4792
4792
4785
4770
4769
4767
4760
4748
4746
4734
4726
4726
4726
4726
4724
4722
4721
4719
4719
4709
4707
4706
4704
4702
4698
4689
4679
4677
4676
4672
4671
4657
4652
4650
4645
4640
4638
4638
4636
4632
4622
4613
4613
4599
4593
4590
4583
4579
4578
4575
4574
4572
4571
4569
4566
4563
4552
4542
4539
4536
4532
4527
4527
4527
4526
4526
4522
4520
4518
4512
4505
4498
4494
4492
4490
4486
4485
4473
4472
4471
4470
4466
4464
4462
4458
4458
4457
4452
4448
4447
4440
4436
4431
4431
4423
4422
4421
4420
4414
4408
4406
4399
4398
4392
4386
4384
4384
4380
4378
4372
4363
4362
4357
4347
4343
4334
4332
4317
4316
4312
4305
4300
4295
4286
4284
4280
4278
4276
4273
4272
4270
4264
4260
4241
4238
4237
4233
4225
4220
4220
4220
4216
4208
4203
4200
4200
4197
4197
4190
4190
4187
4186
4186
4186
4177
4173
4166
4164
4157
4144
4142
4142
4142
4142
4142
4141
4131
4130
4127
4125
4122
4122
4114
4113
4112
4112
4107
4104
4103
4089
4084
4082
4080
4076
4069
4066
4064
4063
4061
4060
4050
4049
4048
4044
4035
4028
4025
4020
4015
4007
4005
4000
3997
3997
3991
3989
3985
3984
3983
3982
3982
3980
3977
3976
3976
3976
3975
3974
3966
3965
3964
3964
3963
3961
3960
3958
3958
3958
3958
3956
3951
3950
3950
3948
3947
3943
3941
3940
3940
3937
3936
3935
3931
3931
3928
3927
3925
3925
3925
3919
3914
3914
3914
3904
3894
3891
3889
3878
3875
3874
3874
3866
3865
3858
3856
3855
3853
3847
3840
3839
3838
3836
3833
3831
3826
3822
3820
3815
3807
3807
3804
3803
3796
3795
3794
3791
3786
3784
3783
3781
3769
3769
3769
3769
3769
3769
3768
3768
3764
3764
3764
3763
3762
3762
3761
3760
3759
3759
3758
3757
3756
3756
3752
3750
3750
3746
3744
3742
3739
3736
3730
3729
3726
3714
3702
3702
3702
3688
3679
3678
3674
3672
3670
3669
3667
3664
3660
3659
3657
3653
3649
3648
3640
3640
3636
3630
3624
3619
3615
3603
3601
3594
3593
3591
3590
3589
3587
3584
3578
3578
3568
3567
3566
3563
3562
3552
3552
3552
3551
3550
3548
3546
3545
3544
3538
3538
3538
3538
3534
3533
3533
3526
3522
3522
3522
3519
3516
3515
3515
3514
3500
3498
3497
3496
3496
3496
3495
3491
3487
3482
3474
3474
3473
3472
3471
3470
3467
3463
3462
3460
3453
3450
3448
3448
3447
3446
3445
3444
3441
3429
3429
3417
3417
3414
3412
3411
3411
3409
3403
3403
3402
3400
3392
3391
3387
3379
3374
3371
3365
3365
3361
3360
3360
3359
3359
3358
3349
3346
3345
3343
3342
3335
3329
3326
3321
3309
3308
3307
3306
3303
3302
3298
3297
3293
3292
3290
3288
3288
3280
3280
3275
3268
3268
3267
3264
3260
3256
3255
3250
3250
3248
3241
3237
3237
3235
3235
3234
3233
3231
3229
3226
3226
3226
3225
3224
3223
3220
3217
3216
3216
3215
3215
3213
3213
3204
3200
3199
3197
3194
3194
3192
3192
3185
3184
3180
3176
3173
3171
3170
3170
3170
3168
3167
3164
3162
3162
3159
3156
3155
3154
3154
3154
3154
3154
3154
3154
3154
3154
3154
3154
3154
3154
3154
3154
3154
3154
3154
3150
3147
3145
3135
3135
3135
3130
3125
3125
3124
3115
3105
3102
3101
3099
3099
3098
3097
3096
3091
3090
3090
3088
3085
3083
3082
3082
3081
3078
3078
3071
3066
3066
3055
3047
3046
3044
3036
3035
3029
3025
3016
3015
3012
3011
2993
2993
2988
2988
2985
2983
2977
2976
2976
2976
2976
2976
2972
2968
2966
2959
2957
2952
2949
2948
2932
2929
2928
2924
2915
2907
2902
2896
2891
2891
2886
2874
2874
2871
2869
2868
2862
2860
2848
2845
2824
2820
2815
2814
2812
2800
2797
2788
2786
2781
2767
2760
2748
2735
2731
2729
2729
2720
2716
2715
2712
2711
2710
2707
2707
2703
2703
2694
2690
2687
2686
2682
2681
2676
2666
2657
2652
2649
2645
2635
2622
2617
2611
2596
2583
2583
2583
2582
2579
2574
2556
2546
2544
2542
2540
2539
2531
2530
2526
2525
2510
2509
2479
2472
2472
2466
2444
2439
2415
2397
2373
2344
2320
2311
2302
2288
2286
2283
2276
2272
2268
2255
2254
2250
2249
2242
2234
2223
2215
2209
2207
2185
2179
2169
2165
2148
2137
2129
2129
2126
2121
2109
2099
2096
2086
2078
2052
2051
2033
2029
2000
1998
1995
1995
1969
1958
1944
1929
1928
1922
1914
1913
1897
1891
1891
1887
1887
1886
1881
1872
1864
1854
1846
1840
1822
1812
1790
1774
1764
1725
1722
1719
1715
1710
1710
1705
1703
1702
1701
1693
1682
1679
1668
1656
1650
1642
1639
1630
1623
1616
1600
1594
1592
1590
1587
1576
1575
1574
1538
1534
1531
1500
1496
1492
1492
1484
1482
1478
1477
1474
1456
1446
1418
1392
1375
1373
1369
1354
1334
1319
1312
1306
1295
1288
1267
1261
1256
1250
1249
1234
1222
1222
1222
1215
1207
1202
1202
1193
1191
1190
1183
1176
1152
1148
1118
1103
1076
1069
1057
1054
1052
1046
1044
1034
1031
1025
1024
1014
1009
1008
1000
993
990
979
969
968
965
958
958
947
942
942
937
934
928
922
921
920
912
908
905
895
888
888
872
870
869
861
860
848
840
834
834
832
824
816
805
804
789
789
787
787
778
768
768
768
768
762
752
744
740
732
727
726
720
720
716
709
704
703
701
699
690
689
688
681
680
678
678
678
676
673
672
672
672
669
662
660
660
660
660
651
648
642
640
640
640
639
639
637
632
631
618
618
617
616
616
610
610
610
607
601
600
598
594
592
590
583
581
579
576
575
574
574
573
571
568
559
556
556
551
546
544
542
542
542
540
538
538
536
536
530
528
528
526
524
522
516
512
512
504
501
496
496
488
488
487
486
481
480
480
470
460
457
456
456
451
447
444
444
444
444
435
432
426
424
421
419
416
416
416
409
408
406
404
400
400
396
392
392
392
390
390
390
388
386
386
384
384
384
384
377
368
366
366
360
360
360
360
355
354
354
344
340
340
337
336
332
331
329
325
320
320
319
313
312
312
312
310
306
299
295
294
292
287
285
273
270
262
256
247
242
241
237
234
233
232
224
224
223
222
216
216
209
208
208
208
205
204
204
202
196
192
179
178
176
176
174
172
170
169
165
164
156
150
149
146
144
141
140
139
135
135
132
132
132
128
124
124
124
124
120
120
120
118
112
108
106
102
101
97
96
96
96
96
90
90
88
86
85
85
84
84
82
82
80
79
78
76
76
73
72
72
70
68
67
65
62
61
60
60
60
59
59
56
56
56
52
52
52
51
50
49
48
44
43
42
39
36
36
36
35
34
33
32
32
32
31
30
30
30
29
29
29
28
28
25
25
24
24
24
23
22
22
22
22
21
21
20
20
20
19
19
18
17
16
16
16
16
16
16
16
16
16
16
16
15
14
14
14
14
13
13
13
13
12
12
12
12
12
12
12
11
11
10
10
10
10
10
10
9
9
9
9
9
8
8
8
8
8
8
8
8
7
7
7
7
7
6
6
6
6
6
6
6
5
5
5
5
5
5
5
5
4
4
4
4
4
4
4
4
3
3
3
3
3
3
3
3
3
2
2
2
2
2
2
2
2
2
2
2
2
2
2
2
1
1
1
1
1
1
1
1
1
1
1
1
1
1
1
